51 1 0.024487
51 2 0.024051
51 3 0.023609
51 4 0.023168
51 5 0.022722
51 6 0.022278
51 7 0.021830
51 8 0.021385
51 9 0.020937
51 10 0.020492
51 11 0.020044
51 12 0.019600
51 13 0.019152
51 14 0.018707
51 15 0.018259
51 16 0.017814
51 17 0.017364
51 18 0.016916
51 19 0.016463
51 20 0.016012
51 21 0.015555
51 22 0.015098
51 23 0.014635
51 24 0.014172
51 25 0.013702
51 26 0.013231
51 27 0.012753
51 28 0.012273
51 29 0.011786
51 30 0.011297
51 31 0.010800
51 32 0.010301
51 33 0.009794
51 34 0.009285
51 35 0.008768
51 36 0.008248
51 37 0.007722
51 38 0.007193
51 39 0.006658
51 40 0.006120
51 41 0.005577
51 42 0.005031
51 43 0.004481
51 44 0.003928
51 45 0.003372
51 46 0.002814
51 47 0.002253
51 48 0.001692
51 49 0.001128
51 50 0.000564
52 1 0.048987
52 2 0.048110
52 3 0.047231
52 4 0.046341
52 5 0.045455
52 6 0.044559
52 7 0.043670
52 8 0.042773
52 9 0.041883
52 10 0.040987
52 11 0.040097
52 12 0.039202
52 13 0.038314
52 14 0.037418
52 15 0.036528
52 16 0.035631
52 17 0.034738
52 18 0.033836
52 19 0.032937
52 20 0.032028
52 21 0.031120
52 22 0.030201
52 23 0.029282
52 24 0.028350
52 25 0.027415
52 26 0.026468
52 27 0.025517
52 28 0.024553
52 29 0.023584
52 30 0.022600
52 31 0.021611
52 32 0.020608
52 33 0.019599
52 34 0.018576
52 35 0.017546
52 36 0.016503
52 37 0.015454
52 38 0.014392
52 39 0.013324
52 40 0.012245
52 41 0.011161
52 42 0.010066
52 43 0.008967
52 44 0.007859
52 45 0.006748
52 46 0.005630
52 47 0.004510
52 48 0.003385
52 49 0.002258
52 50 0.001129
53 1 0.073504
53 2 0.072194
53 3 0.070864
53 4 0.069537
53 5 0.068196
53 6 0.066862
53 7 0.065516
53 8 0.064180
53 9 0.062835
53 10 0.061500
53 11 0.060157
53 12 0.058824
53 13 0.057481
53 14 0.056148
53 15 0.054805
53 16 0.053469
53 17 0.052121
53 18 0.050778
53 19 0.049421
53 20 0.048067
53 21 0.046697
53 22 0.045327
53 23 0.043940
53 24 0.042550
53 25 0.041142
53 26 0.039729
53 27 0.038295
53 28 0.036856
53 29 0.035395
53 30 0.033926
53 31 0.032436
53 32 0.030937
53 33 0.029417
53 34 0.027887
53 35 0.026337
53 36 0.024777
53 37 0.023198
53 38 0.021608
53 39 0.020002
53 40 0.018386
53 41 0.016754
53 42 0.015114
53 43 0.013461
53 44 0.011801
53 45 0.010130
53 46 0.008454
53 47 0.006770
53 48 0.005083
53 49 0.003390
53 50 0.001696
54 1 0.098063
54 2 0.096298
54 3 0.094534
54 4 0.092748
54 5 0.090969
54 6 0.089175
54 7 0.087392
54 8 0.085596
54 9 0.083815
54 10 0.082022
54 11 0.080244
54 12 0.078454
54 13 0.076677
54 14 0.074888
54 15 0.073110
54 16 0.071318
54 17 0.069533
54 18 0.067732
54 19 0.065936
54 20 0.064120
54 21 0.062306
54 22 0.060470
54 23 0.058632
54 24 0.056770
54 25 0.054902
54 26 0.053009
54 27 0.051108
54 28 0.049179
54 29 0.047240
54 30 0.045273
54 31 0.043294
54 32 0.041287
54 33 0.039267
54 34 0.037219
54 35 0.035158
54 36 0.033070
54 37 0.030968
54 38 0.028842
54 39 0.026703
54 40 0.024541
54 41 0.022368
54 42 0.020175
54 43 0.017972
54 44 0.015753
54 45 0.013526
54 46 0.011286
54 47 0.009040
54 48 0.006785
54 49 0.004527
54 50 0.002264
55 1 0.122652
55 2 0.120454
55 3 0.118225
55 4 0.116003
55 5 0.113758
55 6 0.111528
55 7 0.109280
55 8 0.107050
55 9 0.104806
55 10 0.102581
55 11 0.100342
55 12 0.098121
55 13 0.095886
55 14 0.093666
55 15 0.091430
55 16 0.089206
55 17 0.086963
55 18 0.084728
55 19 0.082471
55 20 0.080217
55 21 0.077937
55 22 0.075657
55 23 0.073348
55 24 0.071034
55 25 0.068689
55 26 0.066335
55 27 0.063947
55 28 0.061548
55 29 0.059114
55 30 0.056665
55 31 0.054181
55 32 0.051681
55 33 0.049145
55 34 0.046592
55 35 0.044005
55 36 0.041401
55 37 0.038764
55 38 0.036110
55 39 0.033427
55 40 0.030727
55 41 0.028002
55 42 0.025262
55 43 0.022500
55 44 0.019726
55 45 0.016933
55 46 0.014132
55 47 0.011317
55 48 0.008496
55 49 0.005667
55 50 0.002835
56 1 0.147309
56 2 0.144639
56 3 0.141974
56 4 0.139279
56 5 0.136599
56 6 0.133897
56 7 0.131216
56 8 0.128518
56 9 0.125842
56 10 0.123152
56 11 0.120485
56 12 0.117802
56 13 0.115140
56 14 0.112460
56 15 0.109798
56 16 0.107114
56 17 0.104443
56 18 0.101747
56 19 0.099058
56 20 0.096339
56 21 0.093623
56 22 0.090874
56 23 0.088121
56 24 0.085331
56 25 0.082533
56 26 0.079695
56 27 0.076845
56 28 0.073952
56 29 0.071044
56 30 0.068093
56 31 0.065123
56 32 0.062109
56 33 0.059076
56 34 0.055999
56 35 0.052902
56 36 0.049764
56 37 0.046605
56 38 0.043408
56 39 0.040191
56 40 0.036940
56 41 0.033670
56 42 0.030371
56 43 0.027056
56 44 0.023716
56 45 0.020363
56 46 0.016991
56 47 0.013610
56 48 0.010216
56 49 0.006815
56 50 0.003409
57 1 0.172007
57 2 0.168898
57 3 0.165752
57 4 0.162619
57 5 0.159460
57 6 0.156323
57 7 0.153167
57 8 0.150039
57 9 0.146894
57 10 0.143777
57 11 0.140644
57 12 0.137537
57 13 0.134412
57 14 0.131310
57 15 0.128187
57 16 0.125080
57 17 0.121948
57 18 0.118827
57 19 0.115674
57 20 0.112526
57 21 0.109342
57 22 0.106157
57 23 0.102930
57 24 0.099696
57 25 0.096417
57 26 0.093124
57 27 0.089784
57 28 0.086426
57 29 0.083018
57 30 0.079588
57 31 0.076108
57 32 0.072604
57 33 0.069049
57 34 0.065469
57 35 0.061839
57 36 0.058185
57 37 0.054484
57 38 0.050758
57 39 0.046989
57 40 0.043198
57 41 0.039368
57 42 0.035518
57 43 0.031636
57 44 0.027737
57 45 0.023812
57 46 0.019873
57 47 0.015915
57 48 0.011948
57 49 0.007970
57 50 0.003987
58 1 0.196794
58 2 0.193194
58 3 0.189606
58 4 0.185985
58 5 0.182388
58 6 0.178769
58 7 0.175182
58 8 0.171576
58 9 0.168005
58 10 0.164417
58 11 0.160863
58 12 0.157290
58 13 0.153747
58 14 0.150182
58 15 0.146641
58 16 0.143073
58 17 0.139522
58 18 0.135938
58 19 0.132363
58 20 0.128750
58 21 0.125138
58 22 0.121481
58 23 0.117819
58 24 0.114106
58 25 0.110381
58 26 0.106602
58 27 0.102805
58 28 0.098950
58 29 0.095072
58 30 0.091135
58 31 0.087172
58 32 0.083149
58 33 0.079097
58 34 0.074987
58 35 0.070848
58 36 0.066652
58 37 0.062427
58 38 0.058150
58 39 0.053845
58 40 0.049494
58 41 0.045116
58 42 0.040698
58 43 0.036258
58 44 0.031784
58 45 0.027291
58 46 0.022773
58 47 0.018242
58 48 0.013692
58 49 0.009135
58 50 0.004569
59 1 0.221630
59 2 0.217581
59 3 0.213492
59 4 0.209429
59 5 0.205339
59 6 0.201286
59 7 0.197213
59 8 0.193181
59 9 0.189133
59 10 0.185125
59 11 0.181101
59 12 0.177113
59 13 0.173104
59 14 0.169127
59 15 0.165123
59 16 0.161143
59 17 0.157130
59 18 0.153131
59 19 0.149092
59 20 0.145059
59 21 0.140979
59 22 0.136895
59 23 0.132757
59 24 0.128609
59 25 0.124400
59 26 0.120173
59 27 0.115883
59 28 0.111567
59 29 0.107185
59 30 0.102774
59 31 0.098295
59 32 0.093783
59 33 0.089204
59 34 0.084590
59 35 0.079911
59 36 0.075198
59 37 0.070423
59 38 0.065614
59 39 0.060748
59 40 0.055851
59 41 0.050905
59 42 0.045930
59 43 0.040913
59 44 0.035872
59 45 0.030797
59 46 0.025704
59 47 0.020586
59 48 0.015455
59 49 0.010309
59 50 0.005157
60 1 0.246571
60 2 0.242006
60 3 0.237468
60 4 0.232899
60 5 0.228370
60 6 0.223821
60 7 0.219319
60 8 0.214802
60 9 0.210334
60 10 0.205850
60 11 0.201413
60 12 0.196956
60 13 0.192540
60 14 0.188098
60 15 0.183689
60 16 0.179246
60 17 0.174826
60 18 0.170365
60 19 0.165915
60 20 0.161416
60 21 0.156918
60 22 0.152363
60 23 0.147799
60 24 0.143171
60 25 0.138525
60 26 0.133809
60 27 0.129067
60 28 0.124251
60 29 0.119404
60 30 0.114481
60 31 0.109521
60 32 0.104484
60 33 0.099409
60 34 0.094258
60 35 0.089068
60 36 0.083805
60 37 0.078503
60 38 0.073133
60 39 0.067726
60 40 0.062259
60 41 0.056758
60 42 0.051204
60 43 0.045621
60 44 0.039994
60 45 0.034343
60 46 0.028659
60 47 0.022957
60 48 0.017233
60 49 0.011497
60 50 0.005750
61 1 0.271559
61 2 0.266533
61 3 0.261473
61 4 0.256456
61 5 0.251420
61 6 0.246436
61 7 0.241440
61 8 0.236501
61 9 0.231550
61 10 0.226654
61 11 0.221743
61 12 0.216882
61 13 0.212000
61 14 0.207158
61 15 0.202286
61 16 0.197445
61 17 0.192563
61 18 0.187700
61 19 0.182788
61 20 0.177881
61 21 0.172915
61 22 0.167944
61 23 0.162905
61 24 0.157850
61 25 0.152719
61 26 0.147563
61 27 0.142325
61 28 0.137055
61 29 0.131699
61 30 0.126305
61 31 0.120824
61 32 0.115299
61 33 0.109689
61 34 0.104034
61 35 0.098296
61 36 0.092512
61 37 0.086650
61 38 0.080743
61 39 0.074765
61 40 0.068746
61 41 0.062664
61 42 0.056545
61 43 0.050372
61 44 0.044169
61 45 0.037923
61 46 0.031653
61 47 0.025351
61 48 0.019033
61 49 0.012697
61 50 0.006352
62 1 0.296661
62 2 0.291095
62 3 0.285575
62 4 0.280034
62 5 0.274555
62 6 0.269065
62 7 0.263642
62 8 0.258211
62 9 0.252847
62 10 0.247473
62 11 0.242160
62 12 0.236830
62 13 0.231552
62 14 0.226248
62 15 0.220984
62 16 0.215683
62 17 0.210408
62 18 0.205085
62 19 0.199775
62 20 0.194405
62 21 0.189035
62 22 0.183594
62 23 0.178139
62 24 0.172604
62 25 0.167045
62 26 0.161398
62 27 0.155716
62 28 0.149942
62 29 0.144126
62 30 0.138215
62 31 0.132255
62 32 0.126200
62 33 0.120093
62 34 0.113893
62 35 0.107640
62 36 0.101297
62 37 0.094902
62 38 0.088425
62 39 0.081898
62 40 0.075296
62 41 0.068651
62 42 0.061940
62 43 0.055190
62 44 0.048387
62 45 0.041553
62 46 0.034678
62 47 0.027780
62 48 0.020854
62 49 0.013913
62 50 0.006959
63 1 0.321802
63 2 0.315760
63 3 0.309697
63 4 0.303702
63 5 0.297701
63 6 0.291777
63 7 0.285851
63 8 0.280005
63 9 0.274155
63 10 0.268379
63 11 0.262593
63 12 0.256871
63 13 0.251130
63 14 0.245440
63 15 0.239718
63 16 0.234033
63 17 0.228302
63 18 0.222592
63 19 0.216823
63 20 0.211060
63 21 0.205225
63 22 0.199380
63 23 0.193452
63 24 0.187501
63 25 0.181457
63 26 0.175379
63 27 0.169200
63 28 0.162977
63 29 0.156649
63 30 0.150269
63 31 0.143783
63 32 0.137240
63 33 0.130591
63 34 0.123883
63 35 0.117073
63 36 0.110204
63 37 0.103239
63 38 0.096217
63 39 0.089107
63 40 0.081944
63 41 0.074703
63 42 0.067416
63 43 0.060063
63 44 0.052671
63 45 0.045226
63 46 0.037750
63 47 0.030237
63 48 0.022702
63 49 0.015144
63 50 0.007576
64 1 0.347056
64 2 0.340446
64 3 0.333913
64 4 0.327377
64 5 0.320931
64 6 0.314491
64 7 0.308144
64 8 0.301802
64 9 0.295549
64 10 0.289295
64 11 0.283120
64 12 0.276933
64 13 0.270812
64 14 0.264665
64 15 0.258567
64 16 0.252429
64 17 0.246321
64 18 0.240158
64 19 0.234008
64 20 0.227786
64 21 0.221561
64 22 0.215250
64 23 0.208919
64 24 0.202491
64 25 0.196028
64 26 0.189459
64 27 0.182844
64 28 0.176115
64 29 0.169331
64 30 0.162430
64 31 0.155467
64 32 0.148386
64 33 0.141239
64 34 0.133977
64 35 0.126648
64 36 0.119209
64 37 0.111704
64 38 0.104098
64 39 0.096430
64 40 0.088670
64 41 0.080854
64 42 0.072959
64 43 0.065016
64 44 0.057007
64 45 0.048960
64 46 0.040862
64 47 0.032735
64 48 0.024574
64 49 0.016396
64 50 0.008201
65 1 0.372330
65 2 0.365229
65 3 0.358131
65 4 0.351137
65 5 0.344157
65 6 0.337286
65 7 0.330432
65 8 0.323683
65 9 0.316945
65 10 0.310303
65 11 0.303659
65 12 0.297098
65 13 0.290520
65 14 0.284005
65 15 0.277457
65 16 0.270953
65 17 0.264398
65 18 0.257866
65 19 0.251264
65 20 0.244666
65 21 0.237982
65 22 0.231283
65 23 0.224483
65 24 0.217651
65 25 0.210706
65 26 0.203715
65 27 0.196601
65 28 0.189430
65 29 0.182130
65 30 0.174764
65 31 0.167268
65 32 0.159699
65 33 0.152002
65 34 0.144229
65 35 0.136332
65 36 0.128361
65 37 0.120272
65 38 0.112112
65 39 0.103845
65 40 0.095512
65 41 0.087085
65 42 0.078600
65 43 0.070035
65 44 0.061422
65 45 0.052744
65 46 0.044029
65 47 0.035268
65 48 0.026481
65 49 0.017666
65 50 0.008838
66 1 0.397702
66 2 0.390008
66 3 0.382432
66 4 0.374882
66 5 0.367459
66 6 0.360066
66 7 0.352798
66 8 0.345555
66 9 0.338427
66 10 0.331312
66 11 0.324298
66 12 0.317279
66 13 0.310341
66 14 0.303379
66 15 0.296477
66 16 0.289530
66 17 0.282619
66 18 0.275643
66 19 0.268679
66 20 0.261632
66 21 0.254575
66 22 0.247416
66 23 0.240228
66 24 0.232923
66 25 0.225572
66 26 0.218091
66 27 0.210550
66 28 0.202871
66 29 0.195120
66 30 0.187228
66 31 0.179256
66 32 0.171142
66 33 0.162943
66 34 0.154606
66 35 0.146184
66 36 0.137630
66 37 0.128993
66 38 0.120233
66 39 0.111397
66 40 0.102450
66 41 0.093433
66 42 0.084321
66 43 0.075150
66 44 0.065900
66 45 0.056602
66 46 0.047244
66 47 0.037850
66 48 0.028416
66 49 0.018960
66 50 0.009484
67 1 0.423064
67 2 0.414865
67 3 0.406707
67 4 0.398696
67 5 0.390732
67 6 0.382916
67 7 0.375141
67 8 0.367505
67 9 0.359898
67 10 0.352414
67 11 0.344941
67 12 0.337569
67 13 0.330186
67 14 0.322880
67 15 0.315540
67 16 0.308251
67 17 0.300904
67 18 0.293582
67 19 0.286179
67 20 0.278776
67 21 0.271270
67 22 0.263740
67 23 0.256091
67 24 0.248396
67 25 0.240566
67 26 0.232674
67 27 0.224635
67 28 0.216520
67 29 0.208252
67 30 0.199897
67 31 0.191386
67 32 0.182783
67 33 0.174024
67 34 0.165172
67 35 0.156169
67 36 0.147074
67 37 0.137837
67 38 0.128513
67 39 0.119059
67 40 0.109525
67 41 0.099878
67 42 0.090159
67 43 0.080345
67 44 0.070471
67 45 0.060521
67 46 0.050525
67 47 0.040474
67 48 0.030391
67 49 0.020275
67 50 0.010143
68 1 0.448497
68 2 0.439683
68 3 0.431041
68 4 0.422465
68 5 0.414064
68 6 0.405725
68 7 0.397551
68 8 0.389427
68 9 0.381451
68 10 0.373505
68 11 0.365685
68 12 0.357870
68 13 0.350153
68 14 0.342415
68 15 0.334747
68 16 0.327031
68 17 0.319354
68 18 0.311602
68 19 0.303861
68 20 0.296021
68 21 0.288163
68 22 0.280185
68 23 0.272164
68 24 0.264004
68 25 0.255780
68 26 0.247403
68 27 0.238945
68 28 0.230322
68 29 0.221607
68 30 0.212722
68 31 0.203736
68 32 0.194579
68 33 0.185316
68 34 0.175887
68 35 0.166352
68 36 0.156658
68 37 0.146862
68 38 0.136920
68 39 0.126883
68 40 0.116714
68 41 0.106460
68 42 0.096092
68 43 0.085652
68 44 0.075118
68 45 0.064526
68 46 0.053862
68 47 0.043156
68 48 0.032401
68 49 0.021620
68 50 0.010814
69 1 0.473873
69 2 0.464546
69 3 0.455309
69 4 0.446278
69 5 0.437334
69 6 0.428586
69 7 0.419913
69 8 0.411417
69 9 0.402975
69 10 0.394686
69 11 0.386423
69 12 0.378283
69 13 0.370140
69 14 0.362088
69 15 0.354001
69 16 0.345972
69 17 0.337877
69 18 0.329807
69 19 0.321643
69 20 0.313471
69 21 0.305178
69 22 0.296850
69 23 0.288378
69 24 0.279844
69 25 0.271149
69 26 0.262372
69 27 0.253419
69 28 0.244368
69 29 0.235133
69 30 0.225788
69 31 0.216256
69 32 0.206608
69 33 0.196774
69 34 0.186823
69 35 0.176693
69 36 0.166447
69 37 0.156035
69 38 0.145512
69 39 0.134838
69 40 0.124064
69 41 0.113156
69 42 0.102161
69 43 0.091053
69 44 0.079873
69 45 0.068603
69 46 0.057277
69 47 0.045886
69 48 0.034457
69 49 0.022989
69 50 0.011501
70 1 0.499276
70 2 0.489319
70 3 0.479602
70 4 0.470003
70 5 0.460636
70 6 0.451374
70 7 0.442324
70 8 0.433355
70 9 0.424572
70 10 0.415840
70 11 0.407261
70 12 0.398700
70 13 0.390256
70 14 0.381795
70 15 0.373412
70 16 0.364978
70 17 0.356585
70 18 0.348106
70 19 0.339632
70 20 0.331041
70 21 0.322421
70 22 0.313658
70 23 0.304836
70 24 0.295846
70 25 0.286774
70 26 0.277516
70 27 0.268155
70 28 0.258597
70 29 0.248920
70 30 0.239040
70 31 0.229032
70 32 0.218821
70 33 0.208478
70 34 0.197937
70 35 0.187264
70 36 0.176403
70 37 0.165417
70 38 0.154257
70 39 0.142980
70 40 0.131548
70 41 0.120013
70 42 0.108343
70 43 0.096586
70 44 0.084718
70 45 0.072780
70 46 0.060757
70 47 0.048684
70 48 0.036553
70 49 0.024391
70 50 0.012201
71 1 0.524560
71 2 0.514091
71 3 0.503777
71 4 0.493736
71 5 0.483835
71 6 0.474187
71 7 0.464654
71 8 0.455345
71 9 0.446117
71 10 0.437076
71 11 0.428081
71 12 0.419232
71 13 0.410388
71 14 0.401649
71 15 0.392875
71 16 0.384163
71 17 0.375377
71 18 0.366612
71 19 0.357737
71 20 0.348844
71 21 0.339809
71 22 0.330720
71 23 0.321461
71 24 0.312118
71 25 0.302583
71 26 0.292940
71 27 0.283087
71 28 0.273108
71 29 0.262910
71 30 0.252572
71 31 0.242012
71 32 0.231306
71 33 0.220381
71 34 0.209308
71 35 0.198024
71 36 0.186598
71 37 0.174974
71 38 0.163216
71 39 0.151278
71 40 0.139220
71 41 0.127003
71 42 0.114682
71 43 0.102228
71 44 0.089687
71 45 0.077041
71 46 0.064328
71 47 0.051538
71 48 0.038704
71 49 0.025823
71 50 0.012919
72 1 0.549812
72 2 0.538708
72 3 0.527927
72 4 0.517329
72 5 0.507030
72 6 0.496887
72 7 0.487010
72 8 0.477252
72 9 0.467721
72 10 0.458268
72 11 0.448996
72 12 0.439758
72 13 0.430654
72 14 0.421537
72 15 0.412508
72 16 0.403421
72 17 0.394375
72 18 0.385229
72 19 0.376079
72 20 0.366791
72 21 0.357458
72 22 0.347953
72 23 0.338368
72 24 0.328583
72 25 0.318688
72 26 0.308572
72 27 0.298323
72 28 0.287838
72 29 0.277204
72 30 0.266327
72 31 0.255290
72 32 0.244011
72 33 0.232568
72 34 0.220891
72 35 0.209051
72 36 0.196989
72 37 0.184774
72 38 0.172354
72 39 0.159792
72 40 0.147048
72 41 0.134179
72 42 0.121153
72 43 0.108022
72 44 0.094761
72 45 0.081417
72 46 0.067974
72 47 0.054470
72 48 0.040900
72 49 0.027293
72 50 0.013653
73 1 0.574864
73 2 0.563262
73 3 0.551894
73 4 0.540881
73 5 0.530070
73 6 0.519577
73 7 0.509247
73 8 0.499190
73 9 0.489249
73 10 0.479531
73 11 0.469879
73 12 0.460399
73 13 0.450932
73 14 0.441583
73 15 0.432198
73 16 0.422878
73 17 0.413472
73 18 0.404080
73 19 0.394558
73 20 0.385003
73 21 0.375278
73 22 0.365478
73 23 0.355474
73 24 0.345359
73 25 0.335014
73 26 0.324528
73 27 0.313793
73 28 0.302897
73 29 0.291739
73 30 0.280406
73 31 0.268809
73 32 0.257030
73 33 0.244991
73 34 0.232771
73 35 0.220301
73 36 0.207656
73 37 0.194779
73 38 0.181739
73 39 0.168489
73 40 0.155092
73 41 0.141512
73 42 0.127805
73 43 0.113944
73 44 0.099978
73 45 0.085891
73 46 0.071724
73 47 0.057469
73 48 0.043160
73 49 0.028797
73 50 0.014407
74 1 0.599804
74 2 0.587581
74 3 0.575776
74 4 0.564230
74 5 0.553061
74 6 0.542106
74 7 0.531478
74 8 0.521012
74 9 0.510817
74 10 0.500728
74 11 0.490853
74 12 0.481025
74 13 0.471350
74 14 0.461666
74 15 0.452074
74 16 0.442418
74 17 0.432798
74 18 0.423061
74 19 0.413305
74 20 0.403385
74 21 0.393398
74 22 0.383206
74 23 0.372905
74 24 0.362366
74 25 0.351681
74 26 0.340734
74 27 0.329615
74 28 0.318216
74 29 0.306627
74 30 0.294750
74 31 0.282673
74 32 0.270310
74 33 0.257744
74 34 0.244900
74 35 0.231858
74 36 0.218555
74 37 0.205065
74 38 0.191334
74 39 0.177434
74 40 0.163320
74 41 0.149057
74 42 0.134611
74 43 0.120038
74 44 0.105317
74 45 0.090496
74 46 0.075562
74 47 0.060555
74 48 0.045472
74 49 0.030345
74 50 0.015180
75 1 0.624449
75 2 0.611760
75 3 0.599397
75 4 0.587480
75 5 0.575838
75 6 0.564584
75 7 0.553547
75 8 0.542837
75 9 0.532280
75 10 0.521985
75 11 0.511778
75 12 0.501766
75 13 0.491777
75 14 0.481916
75 15 0.472016
75 16 0.462178
75 17 0.452241
75 18 0.442305
75 19 0.432216
75 20 0.422071
75 21 0.411723
75 22 0.401271
75 23 0.390574
75 24 0.379731
75 25 0.368613
75 26 0.357313
75 27 0.345716
75 28 0.333914
75 29 0.321802
75 30 0.309470
75 31 0.296824
75 32 0.283953
75 33 0.270774
75 34 0.257372
75 35 0.243678
75 36 0.229770
75 37 0.215590
75 38 0.201213
75 39 0.186592
75 40 0.171794
75 41 0.156784
75 42 0.141622
75 43 0.126282
75 44 0.110819
75 45 0.095215
75 46 0.079517
75 47 0.063718
75 48 0.047855
75 49 0.031931
75 50 0.015976
76 1 0.648887
76 2 0.635611
76 3 0.622860
76 4 0.610455
76 5 0.598512
76 6 0.586847
76 7 0.575574
76 8 0.564510
76 9 0.553764
76 10 0.543154
76 11 0.532787
76 12 0.522483
76 13 0.512349
76 14 0.502206
76 15 0.492160
76 16 0.482037
76 17 0.471941
76 18 0.461705
76 19 0.451430
76 20 0.440959
76 21 0.430392
76 22 0.419578
76 23 0.408618
76 24 0.397373
76 25 0.385939
76 26 0.374191
76 27 0.362224
76 28 0.349923
76 29 0.337384
76 30 0.324503
76 31 0.311372
76 32 0.297903
76 33 0.284184
76 34 0.270138
76 35 0.255851
76 36 0.241257
76 37 0.226437
76 38 0.211338
76 39 0.196034
76 40 0.180482
76 41 0.164752
76 42 0.148812
76 43 0.132722
76 44 0.116461
76 45 0.100082
76 46 0.083574
76 47 0.066980
76 48 0.050300
76 49 0.033568
76 50 0.016793
77 1 0.672918
77 2 0.659232
77 3 0.645976
77 4 0.633264
77 5 0.620906
77 6 0.609013
77 7 0.597393
77 8 0.586157
77 9 0.575112
77 10 0.564367
77 11 0.553733
77 12 0.543316
77 13 0.532929
77 14 0.522678
77 15 0.512380
77 16 0.502140
77 17 0.491780
77 18 0.481404
77 19 0.470842
77 20 0.460196
77 21 0.449306
77 22 0.438273
77 23 0.426948
77 24 0.415429
77 25 0.403581
77 26 0.391501
77 27 0.379066
77 28 0.366372
77 29 0.353308
77 30 0.339970
77 31 0.326260
77 32 0.312273
77 33 0.297922
77 34 0.283299
77 35 0.268332
77 36 0.253107
77 37 0.237565
77 38 0.221786
77 39 0.205723
77 40 0.189450
77 41 0.172932
77 42 0.156235
77 43 0.139333
77 44 0.122287
77 45 0.105079
77 46 0.087762
77 47 0.070330
77 48 0.052824
77 49 0.035248
77 50 0.017636
78 1 0.696632
78 2 0.682422
78 3 0.668851
78 4 0.655720
78 5 0.643139
78 6 0.630906
78 7 0.619130
78 8 0.607612
78 9 0.596458
78 10 0.585471
78 11 0.574756
78 12 0.564118
78 13 0.553662
78 14 0.543197
78 15 0.532825
78 16 0.522362
78 17 0.511909
78 18 0.501288
78 19 0.490600
78 20 0.479676
78 21 0.468615
78 22 0.457260
78 23 0.445709
78 24 0.433816
78 25 0.421681
78 26 0.409168
78 27 0.396378
78 28 0.383190
78 29 0.369703
78 30 0.355810
78 31 0.341609
78 32 0.327006
78 33 0.312098
78 34 0.296805
78 35 0.281220
78 36 0.265275
78 37 0.249060
78 38 0.232519
78 39 0.215735
78 40 0.198665
78 41 0.181385
78 42 0.163862
78 43 0.146165
78 44 0.128273
78 45 0.110244
78 46 0.092067
78 47 0.073791
78 48 0.055417
78 49 0.036984
78 50 0.018502
79 1 0.719817
79 2 0.705282
79 3 0.691287
79 4 0.677938
79 5 0.665023
79 6 0.652651
79 7 0.640611
79 8 0.629010
79 9 0.617639
79 10 0.606606
79 11 0.595703
79 12 0.585037
79 13 0.574405
79 14 0.563913
79 15 0.553362
79 16 0.542857
79 17 0.532206
79 18 0.521513
79 19 0.510596
79 20 0.499555
79 21 0.488221
79 22 0.476693
79 23 0.464814
79 24 0.452684
79 25 0.440158
79 26 0.427337
79 27 0.414090
79 28 0.400518
79 29 0.386505
79 30 0.372152
79 31 0.357358
79 32 0.342223
79 33 0.326659
79 34 0.310764
79 35 0.294466
79 36 0.277858
79 37 0.260880
79 38 0.243620
79 39 0.226032
79 40 0.208197
79 41 0.190079
79 42 0.171753
79 43 0.153193
79 44 0.134466
79 45 0.115555
79 46 0.096519
79 47 0.077351
79 48 0.058100
79 49 0.038770
79 50 0.019398
80 1 0.742568
80 2 0.727603
80 3 0.713395
80 4 0.699720
80 5 0.686684
80 6 0.674065
80 7 0.661970
80 8 0.650178
80 9 0.638797
80 10 0.627610
80 11 0.616722
80 12 0.605922
80 13 0.595313
80 14 0.584687
80 15 0.574149
80 16 0.563497
80 17 0.552833
80 18 0.541963
80 19 0.530989
80 20 0.519729
80 21 0.508282
80 22 0.496479
80 23 0.484420
80 24 0.471949
80 25 0.459167
80 26 0.445932
80 27 0.432348
80 28 0.418287
80 29 0.403853
80 30 0.388936
80 31 0.373639
80 32 0.357868
80 33 0.341724
80 34 0.325128
80 35 0.308178
80 36 0.290810
80 37 0.273119
80 38 0.255051
80 39 0.236695
80 40 0.218012
80 41 0.199083
80 42 0.179877
80 43 0.160469
80 44 0.140840
80 45 0.121054
80 46 0.101101
80 47 0.081036
80 48 0.060861
80 49 0.040618
80 50 0.020320
81 1 0.764664
81 2 0.749493
81 3 0.734968
81 4 0.721191
81 5 0.707927
81 6 0.695282
81 7 0.683024
81 8 0.671259
81 9 0.659760
81 10 0.648633
81 11 0.637654
81 12 0.626928
81 13 0.616236
81 14 0.605681
81 15 0.595050
81 16 0.584446
81 17 0.573664
81 18 0.562804
81 19 0.551670
81 20 0.540364
81 21 0.528701
81 22 0.516783
81 23 0.504440
81 24 0.491773
81 25 0.478630
81 26 0.465112
81 27 0.451083
81 28 0.436648
81 29 0.421685
81 30 0.406303
81 31 0.390396
81 32 0.374071
81 33 0.357242
81 34 0.340012
81 35 0.322309
81 36 0.304236
81 37 0.285734
81 38 0.266899
81 39 0.247687
81 40 0.228185
81 41 0.208361
81 42 0.188296
81 43 0.167967
81 44 0.147445
81 45 0.126718
81 46 0.105847
81 47 0.084831
81 48 0.063720
81 49 0.042521
81 50 0.021275
82 1 0.786209
82 2 0.770735
82 3 0.756128
82 4 0.742146
82 5 0.728886
82 6 0.716109
82 7 0.703917
82 8 0.692073
82 9 0.680681
82 10 0.669508
82 11 0.658656
82 12 0.647899
82 13 0.637338
82 14 0.626749
82 15 0.616233
82 16 0.605574
82 17 0.594871
82 18 0.583917
82 19 0.572810
82 20 0.561355
82 21 0.549650
82 22 0.537512
82 23 0.525043
82 24 0.512076
82 25 0.498712
82 26 0.484803
82 27 0.470455
82 28 0.455535
82 29 0.440152
82 30 0.424193
82 31 0.407768
82 32 0.390780
82 33 0.373339
82 34 0.355368
82 35 0.336973
82 36 0.318091
82 37 0.298825
82 38 0.279126
82 39 0.259090
82 40 0.238680
82 41 0.217985
82 42 0.196978
82 43 0.175740
82 44 0.154254
82 45 0.132589
82 46 0.110739
82 47 0.088764
82 48 0.066666
82 49 0.044493
82 50 0.022259
83 1 0.806978
83 2 0.791448
83 3 0.776664
83 4 0.762719
83 5 0.749363
83 6 0.736692
83 7 0.724461
83 8 0.712772
83 9 0.701381
83 10 0.690392
83 11 0.679565
83 12 0.669001
83 13 0.658467
83 14 0.648062
83 15 0.637559
83 16 0.627055
83 17 0.616330
83 18 0.605481
83 19 0.594300
83 20 0.582882
83 21 0.571031
83 22 0.558846
83 23 0.546146
83 24 0.533032
83 25 0.519341
83 26 0.505178
83 27 0.490399
83 28 0.475113
83 29 0.459196
83 30 0.442760
83 31 0.425701
83 32 0.408133
83 33 0.389969
83 34 0.371322
83 35 0.352124
83 36 0.332484
83 37 0.312350
83 38 0.291824
83 39 0.270867
83 40 0.249575
83 41 0.227919
83 42 0.205987
83 43 0.183760
83 44 0.161315
83 45 0.138644
83 46 0.115811
83 47 0.092818
83 48 0.069719
83 49 0.046525
83 50 0.023278
84 1 0.827087
84 2 0.811414
84 3 0.796707
84 4 0.782704
84 5 0.769498
84 6 0.756834
84 7 0.744808
84 8 0.733171
84 9 0.722022
84 10 0.711113
84 11 0.700544
84 12 0.690072
84 13 0.679795
84 14 0.669474
84 15 0.659204
84 16 0.648755
84 17 0.638221
84 18 0.627379
84 19 0.616322
84 20 0.604841
84 21 0.593030
84 22 0.580694
84 23 0.567932
84 24 0.554565
84 25 0.540695
84 26 0.526167
84 27 0.511088
84 28 0.495321
84 29 0.478980
84 30 0.461951
84 31 0.444349
84 32 0.426081
84 33 0.407266
84 34 0.387827
84 35 0.367882
84 36 0.347373
84 37 0.326412
84 38 0.304954
84 39 0.283106
84 40 0.260834
84 41 0.238237
84 42 0.215291
84 43 0.192084
84 44 0.168604
84 45 0.144924
84 46 0.121042
84 47 0.097021
84 48 0.072867
84 49 0.048631
84 50 0.024329
85 1 0.846313
85 2 0.830765
85 3 0.816046
85 4 0.802244
85 5 0.789093
85 6 0.776687
85 7 0.764767
85 8 0.753430
85 9 0.742421
85 10 0.731837
85 11 0.721427
85 12 0.711286
85 13 0.701166
85 14 0.691161
85 15 0.681029
85 16 0.670860
85 17 0.660419
85 18 0.649797
85 19 0.638769
85 20 0.627424
85 21 0.615554
85 22 0.603251
85 23 0.590322
85 24 0.576865
85 25 0.562709
85 26 0.547959
85 27 0.532464
85 28 0.516338
85 29 0.499453
85 30 0.481929
85 31 0.463662
85 32 0.444775
85 33 0.425186
85 34 0.405017
85 35 0.384206
85 36 0.362873
85 37 0.340970
85 38 0.318613
85 39 0.295767
85 40 0.272538
85 41 0.248902
85 42 0.224955
85 43 0.200682
85 44 0.176168
85 45 0.151406
85 46 0.126468
85 47 0.101357
85 48 0.076131
85 49 0.050803
85 50 0.025418
86 1 0.864791
86 2 0.849286
86 3 0.834825
86 4 0.821132
86 5 0.808298
86 6 0.796055
86 7 0.784497
86 8 0.773362
86 9 0.762746
86 10 0.752388
86 11 0.742385
86 12 0.732478
86 13 0.722759
86 14 0.712977
86 15 0.703218
86 16 0.693236
86 17 0.683117
86 18 0.672622
86 19 0.661836
86 20 0.650534
86 21 0.638803
86 22 0.626433
86 23 0.613517
86 24 0.599866
86 25 0.585580
86 26 0.570494
86 27 0.554718
86 28 0.538112
86 29 0.520793
86 30 0.502650
86 31 0.483805
86 32 0.464171
86 33 0.443875
86 34 0.422849
86 35 0.401221
86 36 0.378942
86 37 0.356134
86 38 0.332762
86 39 0.308941
86 40 0.284648
86 41 0.259987
86 42 0.234943
86 43 0.209609
86 44 0.183978
86 45 0.158131
86 46 0.132066
86 47 0.105852
86 48 0.079497
86 49 0.053054
86 50 0.026541
87 1 0.882304
87 2 0.867124
87 3 0.852835
87 4 0.839524
87 5 0.826914
87 6 0.815098
87 7 0.803806
87 8 0.793133
87 9 0.782812
87 10 0.772938
87 11 0.763246
87 12 0.753826
87 13 0.744417
87 14 0.735105
87 15 0.725630
87 16 0.716076
87 17 0.706190
87 18 0.696052
87 19 0.685420
87 20 0.674375
87 21 0.662690
87 22 0.650449
87 23 0.637446
87 24 0.623773
87 25 0.609249
87 26 0.593976
87 27 0.577800
87 28 0.560836
87 29 0.542958
87 30 0.524292
87 31 0.504738
87 32 0.484430
87 33 0.463294
87 34 0.441464
87 35 0.418889
87 36 0.395700
87 37 0.371862
87 38 0.347500
87 39 0.322589
87 40 0.297246
87 41 0.271455
87 42 0.245320
87 43 0.218833
87 44 0.192084
87 45 0.165071
87 46 0.137870
87 47 0.110488
87 48 0.082984
87 49 0.055374
87 50 0.027704
88 1 0.899005
88 2 0.884071
88 3 0.870236
88 4 0.857216
88 5 0.845102
88 6 0.833618
88 7 0.822859
88 8 0.812551
88 9 0.802791
88 10 0.793306
88 11 0.784188
88 12 0.775165
88 13 0.766324
88 14 0.757395
88 15 0.748458
88 16 0.739248
88 17 0.729840
88 18 0.719976
88 19 0.709730
88 20 0.698856
88 21 0.687430
88 22 0.675227
88 23 0.662327
88 24 0.648532
88 25 0.633933
88 26 0.618360
88 27 0.601921
88 28 0.584474
88 29 0.566144
88 30 0.546820
88 31 0.526638
88 32 0.505517
88 33 0.483599
88 34 0.460826
88 35 0.437343
88 36 0.413110
88 37 0.388266
88 38 0.362786
88 39 0.336800
88 40 0.310292
88 41 0.283377
88 42 0.256049
88 43 0.228408
88 44 0.200453
88 45 0.172267
88 46 0.143856
88 47 0.115289
88 48 0.086577
88 49 0.057775
88 50 0.028902
89 1 0.914689
89 2 0.900291
89 3 0.886822
89 4 0.874372
89 5 0.862660
89 6 0.851782
89 7 0.841460
89 8 0.831790
89 9 0.822495
89 10 0.813669
89 11 0.805034
89 12 0.796676
89 13 0.788318
89 14 0.780037
89 15 0.771558
89 16 0.762952
89 17 0.753945
89 18 0.744604
89 19 0.734666
89 20 0.724196
89 21 0.712948
89 22 0.700992
89 23 0.688106
89 24 0.674370
89 25 0.659592
89 26 0.643871
89 27 0.627047
89 28 0.609239
89 29 0.590322
89 30 0.570431
89 31 0.549477
89 32 0.527606
89 33 0.504757
89 34 0.481083
89 35 0.456546
89 36 0.431294
89 37 0.405306
89 38 0.378723
89 39 0.351533
89 40 0.323865
89 41 0.295714
89 42 0.267192
89 43 0.238298
89 44 0.209129
89 45 0.179688
89 46 0.150054
89 47 0.120236
89 48 0.090295
89 49 0.060247
89 50 0.030141
90 1 0.929528
90 2 0.915581
90 3 0.902764
90 4 0.890791
90 5 0.879760
90 6 0.869391
90 7 0.859781
90 8 0.850652
90 9 0.842098
90 10 0.833840
90 11 0.825963
90 12 0.818186
90 13 0.810586
90 14 0.802878
90 15 0.795129
90 16 0.787055
90 17 0.778714
90 18 0.769828
90 19 0.760451
90 20 0.750315
90 21 0.739476
90 22 0.727689
90 23 0.715019
90 24 0.701250
90 25 0.686465
90 26 0.670483
90 27 0.653412
90 28 0.635111
90 29 0.615708
90 30 0.595104
90 31 0.573447
90 32 0.550672
90 33 0.526937
90 34 0.502205
90 35 0.476637
90 36 0.450215
90 37 0.423094
90 38 0.395266
90 39 0.366877
90 40 0.337923
90 41 0.308532
90 42 0.278706
90 43 0.248553
90 44 0.218078
90 45 0.187370
90 46 0.156437
90 47 0.125349
90 48 0.094119
90 49 0.062801
90 50 0.031415
91 1 0.943327
91 2 0.930122
91 3 0.917862
91 4 0.906648
91 5 0.896199
91 6 0.886617
91 7 0.877622
91 8 0.869312
91 9 0.861407
91 10 0.853996
91 11 0.846794
91 12 0.839879
91 13 0.832962
91 14 0.826109
91 15 0.819024
91 16 0.811763
91 17 0.804030
91 18 0.795869
91 19 0.786994
91 20 0.777446
91 21 0.766953
91 22 0.755564
91 23 0.743032
91 24 0.729425
91 25 0.714533
91 26 0.698448
91 27 0.681007
91 28 0.662328
91 29 0.642295
91 30 0.621056
91 31 0.598537
91 32 0.574902
91 33 0.550114
91 34 0.524347
91 35 0.497584
91 36 0.469999
91 37 0.441589
91 38 0.412516
91 39 0.382785
91 40 0.352539
91 41 0.321785
91 42 0.290647
91 43 0.259130
91 44 0.227338
91 45 0.195278
91 46 0.163030
91 47 0.130605
91 48 0.098065
91 49 0.065424
91 50 0.032728
92 1 0.956276
92 2 0.943716
92 3 0.932297
92 4 0.921740
92 5 0.912153
92 6 0.903256
92 7 0.895156
92 8 0.887569
92 9 0.880594
92 10 0.873944
92 11 0.867702
92 12 0.861576
92 13 0.855632
92 14 0.849571
92 15 0.843443
92 16 0.836942
92 17 0.830105
92 18 0.822625
92 19 0.814530
92 20 0.805523
92 21 0.795631
92 22 0.784580
92 23 0.772411
92 24 0.758884
92 25 0.744067
92 26 0.727769
92 27 0.710092
92 28 0.690898
92 29 0.670325
92 30 0.648288
92 31 0.624956
92 32 0.600287
92 33 0.574466
92 34 0.547484
92 35 0.519528
92 36 0.490607
92 37 0.460902
92 38 0.430425
92 39 0.399341
92 40 0.367664
92 41 0.335535
92 42 0.302966
92 43 0.270073
92 44 0.236867
92 45 0.203440
92 46 0.169801
92 47 0.136021
92 48 0.102111
92 49 0.068123
92 50 0.034074
93 1 0.968188
93 2 0.956555
93 3 0.945871
93 4 0.936249
93 5 0.927416
93 6 0.919484
93 7 0.912175
93 8 0.905594
93 9 0.899457
93 10 0.893855
93 11 0.888496
93 12 0.883452
93 13 0.878420
93 14 0.873453
93 15 0.868235
93 16 0.862800
93 17 0.856824
93 18 0.850325
93 19 0.842979
93 20 0.834797
93 21 0.825469
93 22 0.815011
93 23 0.803146
93 24 0.789913
93 25 0.775083
93 26 0.758732
93 27 0.740694
93 28 0.721090
93 29 0.699818
93 30 0.677041
93 31 0.652713
93 32 0.627028
93 33 0.599981
93 34 0.571779
93 35 0.542439
93 36 0.512166
93 37 0.480985
93 38 0.449085
93 39 0.416490
93 40 0.383363
93 41 0.349725
93 42 0.315709
93 43 0.281330
93 44 0.246696
93 45 0.211815
93 46 0.176769
93 47 0.141567
93 48 0.106269
93 49 0.070884
93 50 0.035456
94 1 0.979265
94 2 0.968447
94 3 0.958771
94 4 0.949970
94 5 0.942166
94 6 0.935088
94 7 0.928850
94 8 0.923174
94 9 0.918162
94 10 0.913524
94 11 0.909344
94 12 0.905317
94 13 0.901503
94 14 0.897585
94 15 0.893593
94 16 0.889197
94 17 0.884403
94 18 0.878870
94 19 0.872587
94 20 0.865216
94 21 0.856742
94 22 0.846849
94 23 0.835539
94 24 0.822539
94 25 0.807890
94 26 0.791383
94 27 0.773115
94 28 0.752952
94 29 0.731049
94 30 0.707345
94 31 0.682041
94 32 0.655132
94 33 0.626845
94 34 0.597211
94 35 0.566458
94 36 0.534631
94 37 0.501944
94 38 0.468439
94 39 0.434305
94 40 0.399574
94 41 0.364403
94 42 0.328815
94 43 0.292933
94 44 0.256770
94 45 0.220421
94 46 0.183893
94 47 0.147255
94 48 0.110512
94 49 0.073713
94 50 0.036865
95 1 0.989323
95 2 0.979587
95 3 0.970796
95 4 0.963085
95 5 0.956190
95 6 0.950240
95 7 0.944963
95 8 0.940475
95 9 0.936493
95 10 0.933113
95 11 0.930037
95 12 0.927335
95 13 0.924692
95 14 0.922145
95 15 0.919357
95 16 0.916334
95 17 0.912721
95 18 0.908493
95 19 0.903283
95 20 0.897050
95 21 0.889436
95 22 0.880401
95 23 0.869623
95 24 0.857094
95 25 0.842554
95 26 0.826057
95 27 0.807429
95 28 0.786798
95 29 0.764081
95 30 0.739474
95 31 0.712973
95 32 0.684819
95 33 0.655057
95 34 0.623946
95 35 0.591551
95 36 0.558120
95 37 0.523719
95 38 0.488566
95 39 0.452715
95 40 0.416347
95 41 0.379499
95 42 0.342315
95 43 0.304816
95 44 0.267110
95 45 0.229207
95 46 0.191184
95 47 0.153047
95 48 0.114847
95 49 0.076588
95 50 0.038303
96 1 0.998572
96 2 0.989782
96 3 0.982136
96 4 0.975382
96 5 0.969662
96 6 0.964717
96 7 0.960676
96 8 0.957268
96 9 0.954603
96 10 0.952396
96 11 0.950729
96 12 0.949296
96 13 0.948146
96 14 0.946945
96 15 0.945705
96 16 0.944063
96 17 0.941989
96 18 0.939097
96 19 0.935322
96 20 0.930267
96 21 0.923853
96 22 0.915698
96 23 0.905743
96 24 0.893660
96 25 0.879445
96 26 0.862863
96 27 0.843999
96 28 0.822730
96 29 0.799234
96 30 0.773497
96 31 0.745770
96 32 0.716113
96 33 0.684812
96 34 0.651964
96 35 0.617854
96 36 0.582579
96 37 0.546398
96 38 0.509391
96 39 0.471773
96 40 0.433600
96 41 0.395042
96 42 0.356131
96 43 0.316994
96 44 0.277646
96 45 0.238178
96 46 0.198591
96 47 0.158946
96 48 0.119241
96 49 0.079512
96 50 0.039759
97 1 1.006824
97 2 0.999229
97 3 0.992582
97 4 0.987040
97 5 0.982359
97 6 0.978682
97 7 0.975754
97 8 0.973703
97 9 0.972256
97 10 0.971516
97 11 0.971188
97 12 0.971340
97 13 0.971650
97 14 0.972141
97 15 0.972455
97 16 0.972566
97 17 0.972077
97 18 0.970912
97 19 0.968642
97 20 0.965154
97 21 0.960010
97 22 0.953091
97 23 0.943991
97 24 0.932634
97 25 0.918702
97 26 0.902210
97 27 0.882972
97 28 0.861127
97 29 0.836630
97 30 0.809731
97 31 0.780498
97 32 0.749250
97 33 0.716115
97 34 0.681425
97 35 0.645320
97 36 0.608107
97 37 0.569904
97 38 0.530969
97 39 0.491386
97 40 0.451359
97 41 0.410937
97 42 0.370271
97 43 0.329384
97 44 0.288381
97 45 0.247267
97 46 0.206110
97 47 0.164905
97 48 0.123692
97 49 0.082461
97 50 0.041233
98 1 1.014289
98 2 1.007728
98 3 1.002321
98 4 0.997839
98 5 0.994444
98 6 0.991898
98 7 0.990346
98 8 0.989534
98 9 0.989585
98 10 0.990223
98 11 0.991539
98 12 0.993228
98 13 0.995334
98 14 0.997514
98 15 0.999756
98 16 1.001668
98 17 1.003175
98 18 1.003831
98 19 1.003499
98 20 1.001696
98 21 0.998245
98 22 0.992662
98 23 0.984782
98 24 0.974183
98 25 0.960784
98 26 0.944302
98 27 0.924801
98 28 0.902176
98 29 0.876655
98 30 0.848299
98 31 0.817451
98 32 0.784276
98 33 0.749161
98 34 0.712301
98 35 0.674065
98 36 0.634624
98 37 0.594292
98 38 0.553193
98 39 0.511574
98 40 0.469511
98 41 0.427185
98 42 0.384632
98 43 0.341976
98 44 0.299227
98 45 0.256464
98 46 0.213679
98 47 0.170916
98 48 0.128160
98 49 0.085430
98 50 0.042710
99 1 1.020774
99 2 1.015471
99 3 1.011134
99 4 1.007946
99 5 1.005682
99 6 1.004512
99 7 1.004198
99 8 1.004888
99 9 1.006326
99 10 1.008631
99 11 1.011518
99 12 1.015064
99 13 1.018945
99 14 1.023178
99 15 1.027388
99 16 1.031517
99 17 1.035123
99 18 1.038063
99 19 1.039827
99 20 1.040195
99 21 1.038612
99 22 1.034823
99 23 1.028290
99 24 1.018805
99 25 1.005950
99 26 0.989668
99 27 0.969751
99 28 0.946358
99 29 0.919515
99 30 0.889574
99 31 0.856731
99 32 0.821437
99 33 0.783954
99 34 0.744732
99 35 0.704015
99 36 0.662191
99 37 0.619445
99 38 0.576077
99 39 0.532205
99 40 0.488046
99 41 0.443659
99 42 0.399192
99 43 0.354662
99 44 0.310163
99 45 0.265684
99 46 0.221278
99 47 0.176921
99 48 0.132635
99 49 0.088390
99 50 0.044187
100 1 1.026479
100 2 1.022248
100 3 1.019198
100 4 1.017127
100 5 1.016222
100 6 1.016268
100 7 1.017435
100 8 1.019492
100 9 1.022584
100 10 1.026454
100 11 1.031211
100 12 1.036564
100 13 1.042563
100 14 1.048866
100 15 1.055448
100 16 1.061889
100 17 1.068067
100 18 1.073471
100 19 1.077864
100 20 1.080645
100 21 1.081482
100 22 1.079726
100 23 1.075027
100 24 1.066797
100 25 1.054803
100 26 1.038669
100 27 1.018419
100 28 0.993988
100 29 0.965695
100 30 0.933751
100 31 0.898666
100 32 0.860787
100 33 0.820669
100 34 0.778656
100 35 0.735237
100 36 0.690681
100 37 0.645366
100 38 0.599466
100 39 0.553249
100 40 0.506808
100 41 0.460319
100 42 0.413815
100 43 0.367403
100 44 0.321078
100 45 0.274896
100 46 0.228829
100 47 0.182899
100 48 0.137067
100 49 0.091330
100 50 0.045648
