51 51 1.031203
51 52 1.028241
51 53 1.026283
51 54 1.025538
51 55 1.025811
51 56 1.027296
51 57 1.029783
51 58 1.033448
51 59 1.038062
51 60 1.043768
51 61 1.050309
51 62 1.057781
51 63 1.065879
51 64 1.074627
51 65 1.083647
51 66 1.092861
51 67 1.101786
51 68 1.110209
51 69 1.117515
51 70 1.123339
51 71 1.126946
51 72 1.127856
51 73 1.125297
51 74 1.118817
51 75 1.107796
51 76 1.092031
51 77 1.071267
51 78 1.045708
51 79 1.015527
51 80 0.981277
51 81 0.943395
51 82 0.902568
51 83 0.859279
51 84 0.814159
51 85 0.767597
51 86 0.720083
51 87 0.671872
51 88 0.623305
51 89 0.574518
51 90 0.525731
51 91 0.476995
51 92 0.428439
51 93 0.380059
51 94 0.331922
51 95 0.283993
51 96 0.236295
51 97 0.188779
51 98 0.141437
51 99 0.094215
51 100 0.047087
52 51 1.035138
52 52 1.033230
52 53 1.032553
52 54 1.032932
52 55 1.034583
52 56 1.037319
52 57 1.041342
52 58 1.046453
52 59 1.052827
52 60 1.060245
52 61 1.068846
52 62 1.078371
52 63 1.088901
52 64 1.100114
52 65 1.111995
52 66 1.124120
52 67 1.136334
52 68 1.148062
52 69 1.158956
52 70 1.168252
52 71 1.175394
52 72 1.179455
52 73 1.179757
52 74 1.175379
52 75 1.165785
52 76 1.150392
52 77 1.129142
52 78 1.102051
52 79 1.069643
52 80 1.032434
52 81 0.991265
52 82 0.946810
52 83 0.899899
52 84 0.851103
52 85 0.801070
52 86 0.750181
52 87 0.698876
52 88 0.647362
52 89 0.595911
52 90 0.544604
52 91 0.493595
52 92 0.442887
52 93 0.392555
52 94 0.342559
52 95 0.292922
52 96 0.243581
52 97 0.194525
52 98 0.145686
52 99 0.097028
52 100 0.048483
53 51 1.038069
53 52 1.037386
53 53 1.037768
53 54 1.039450
53 55 1.042268
53 56 1.046447
53 57 1.051814
53 58 1.058577
53 59 1.066549
53 60 1.075913
53 61 1.086457
53 62 1.098319
53 63 1.111240
53 64 1.125280
53 65 1.140097
53 66 1.155623
53 67 1.171368
53 68 1.187063
53 69 1.201994
53 70 1.215613
53 71 1.226925
53 72 1.235088
53 73 1.238895
53 74 1.237412
53 75 1.229574
53 76 1.214846
53 77 1.192857
53 78 1.163928
53 79 1.128561
53 80 1.087751
53 81 1.042422
53 82 0.993690
53 83 0.942403
53 84 0.889449
53 85 0.835399
53 86 0.780843
53 87 0.726090
53 88 0.671487
53 89 0.617159
53 90 0.563290
53 91 0.509893
53 92 0.457050
53 93 0.404716
53 94 0.352909
53 95 0.301554
53 96 0.250632
53 97 0.200057
53 98 0.149785
53 99 0.099729
53 100 0.049828
54 51 1.040177
54 52 1.040478
54 53 1.042078
54 54 1.044832
54 55 1.048985
54 56 1.054387
54 57 1.061275
54 58 1.069491
54 59 1.079256
54 60 1.090400
54 61 1.103116
54 62 1.117207
54 63 1.132810
54 64 1.149670
54 65 1.167827
54 66 1.186906
54 67 1.206769
54 68 1.226827
54 69 1.246643
54 70 1.265283
54 71 1.281883
54 72 1.295076
54 73 1.303584
54 74 1.305801
54 75 1.300493
54 76 1.286559
54 77 1.263735
54 78 1.232243
54 79 1.193124
54 80 1.147589
54 81 1.097166
54 82 1.043127
54 83 0.986744
54 84 0.928890
54 85 0.870387
54 86 0.811702
54 87 0.753289
54 88 0.695337
54 89 0.638066
54 90 0.581503
54 91 0.525735
54 92 0.470706
54 93 0.416429
54 94 0.362807
54 95 0.309813
54 96 0.257337
54 97 0.205325
54 98 0.153668
54 99 0.102294
54 100 0.051099
55 51 1.041240
55 52 1.042667
55 53 1.045235
55 54 1.049207
55 55 1.054452
55 56 1.061229
55 57 1.069407
55 58 1.079235
55 59 1.090582
55 60 1.103685
55 61 1.118400
55 62 1.134937
55 63 1.153123
55 64 1.173105
55 65 1.194634
55 66 1.217729
55 67 1.241975
55 68 1.267137
55 69 1.292470
55 70 1.317275
55 71 1.340250
55 72 1.360011
55 73 1.374565
55 74 1.381957
55 75 1.380039
55 76 1.367385
55 77 1.343281
55 78 1.308389
55 79 1.264104
55 80 1.212503
55 81 1.155528
55 82 1.095083
55 83 1.032554
55 84 0.969139
55 85 0.905558
55 86 0.842429
55 87 0.780029
55 88 0.718629
55 89 0.658265
55 90 0.599027
55 91 0.540840
55 92 0.483699
55 93 0.427485
55 94 0.372148
55 95 0.317553
55 96 0.263628
55 97 0.210238
55 98 0.157298
55 99 0.104680
55 100 0.052286
56 51 1.041429
56 52 1.043715
56 53 1.047380
56 54 1.052308
56 55 1.058776
56 56 1.066671
56 57 1.076268
56 58 1.087461
56 59 1.100524
56 60 1.115356
56 61 1.132222
56 62 1.151019
56 63 1.171986
56 64 1.194991
56 65 1.220204
56 66 1.247399
56 67 1.276577
56 68 1.307275
56 69 1.339112
56 70 1.371099
56 71 1.402098
56 72 1.430152
56 73 1.452954
56 74 1.467423
56 75 1.470547
56 76 1.459660
56 77 1.433822
56 78 1.393929
56 79 1.342590
56 80 1.282791
56 81 1.217534
56 82 1.149121
56 83 1.079411
56 84 1.009553
56 85 0.940422
56 86 0.872428
56 87 0.805900
56 88 0.740883
56 89 0.677453
56 90 0.615501
56 91 0.554993
56 92 0.495766
56 93 0.437742
56 94 0.380746
56 95 0.324682
56 96 0.269383
56 97 0.214742
56 98 0.160606
56 99 0.106861
56 100 0.053365
57 51 1.040516
57 52 1.043776
57 53 1.048261
57 54 1.054260
57 55 1.061673
57 56 1.070793
57 57 1.081533
57 58 1.094191
57 59 1.108697
57 60 1.125355
57 61 1.144113
57 62 1.165279
57 63 1.188810
57 64 1.215002
57 65 1.243791
57 66 1.275401
57 67 1.309659
57 68 1.346567
57 69 1.385605
57 70 1.426184
57 71 1.466891
57 72 1.505793
57 73 1.539678
57 74 1.564459
57 75 1.575067
57 76 1.567094
57 77 1.538416
57 78 1.491106
57 79 1.429538
57 80 1.358711
57 81 1.282697
57 82 1.204620
57 83 1.126415
57 84 1.049389
57 85 0.974150
57 86 0.901095
57 87 0.830258
57 88 0.761670
57 89 0.695161
57 90 0.630634
57 91 0.567864
57 92 0.506717
57 93 0.446969
57 94 0.388481
57 95 0.331046
57 96 0.274528
57 97 0.218741
57 98 0.163552
57 99 0.108791
57 100 0.054325
58 51 1.038666
58 52 1.042613
58 53 1.048019
58 54 1.054796
58 55 1.063246
58 56 1.073295
58 57 1.085256
58 58 1.099074
58 59 1.115082
58 60 1.133255
58 61 1.153947
58 62 1.177173
58 63 1.203312
58 64 1.232416
58 65 1.264877
58 66 1.300755
58 67 1.340390
58 68 1.383730
58 69 1.430835
58 70 1.481141
58 71 1.533743
58 72 1.586451
58 73 1.635733
58 74 1.675669
58 75 1.698373
58 76 1.695233
58 77 1.661830
58 78 1.602541
58 79 1.525917
58 80 1.439818
58 81 1.350086
58 82 1.260246
58 83 1.172391
58 84 1.087437
58 85 1.005832
58 86 0.927543
58 87 0.852491
58 88 0.780379
58 89 0.710996
58 90 0.644010
58 91 0.579202
58 92 0.516268
58 93 0.455010
58 94 0.395162
58 95 0.336549
58 96 0.278943
58 97 0.222182
58 98 0.166068
58 99 0.110447
58 100 0.055142
59 51 1.035654
59 52 1.040378
59 53 1.046404
59 54 1.054041
59 55 1.063220
59 56 1.074262
59 57 1.087120
59 58 1.102136
59 59 1.119301
59 60 1.138991
59 61 1.161248
59 62 1.186496
59 63 1.214849
59 64 1.246798
59 65 1.282545
59 66 1.322656
59 67 1.367416
59 68 1.417410
59 69 1.472864
59 70 1.534060
59 71 1.600487
59 72 1.670769
59 73 1.741136
59 74 1.804316
59 75 1.847522
59 76 1.853819
59 77 1.811130
59 78 1.731480
59 79 1.631771
59 80 1.524718
59 81 1.417581
59 82 1.314038
59 83 1.215467
59 84 1.122274
59 85 1.034196
59 86 0.950883
59 87 0.871783
59 88 0.796471
59 89 0.724433
59 90 0.655306
59 91 0.588667
59 92 0.524226
59 93 0.461640
59 94 0.400673
59 95 0.341045
59 96 0.282558
59 97 0.224975
59 98 0.168119
59 99 0.111786
59 100 0.055808
60 51 1.031643
60 52 1.036839
60 53 1.043562
60 54 1.051745
60 55 1.061710
60 56 1.073411
60 57 1.087193
60 58 1.103048
60 59 1.121354
60 60 1.142160
60 61 1.165902
60 62 1.192713
60 63 1.223119
60 64 1.257380
60 65 1.296160
60 66 1.339909
60 67 1.389497
60 68 1.445630
60 69 1.509416
60 70 1.581749
60 71 1.663615
60 72 1.755000
60 73 1.853935
60 74 1.952936
60 75 2.033761
60 76 2.061392
60 77 1.997554
60 78 1.880477
60 79 1.745122
60 80 1.609704
60 81 1.481628
60 82 1.362856
60 83 1.253304
60 84 1.151997
60 85 1.057926
60 86 0.970008
60 87 0.887405
60 88 0.809289
60 89 0.735061
60 90 0.664114
60 91 0.596022
60 92 0.530329
60 93 0.466721
60 94 0.404845
60 95 0.344455
60 96 0.285269
60 97 0.227078
60 98 0.169647
60 99 0.112790
60 100 0.056301
61 51 1.026413
61 52 1.032155
61 53 1.039259
61 54 1.048044
61 55 1.058461
61 56 1.070850
61 57 1.085195
61 58 1.101868
61 59 1.120907
61 60 1.142740
61 61 1.167488
61 62 1.195668
61 63 1.227535
61 64 1.263758
61 65 1.304807
61 66 1.351618
61 67 1.405034
61 68 1.466467
61 69 1.537420
61 70 1.620149
61 71 1.717223
61 72 1.831894
61 73 1.966668
61 74 2.119910
61 75 2.273196
61 76 2.360584
61 77 2.237216
61 78 2.047897
61 79 1.858537
61 80 1.687489
61 81 1.536372
61 82 1.402592
61 83 1.282897
61 84 1.174613
61 85 1.075502
61 86 0.983937
61 87 0.898539
61 88 0.818325
61 89 0.742408
61 90 0.670161
61 91 0.600976
61 92 0.534426
61 93 0.470069
61 94 0.407594
61 95 0.346662
61 96 0.287028
61 97 0.228420
61 98 0.170629
61 99 0.113425
61 100 0.056617
62 51 1.020133
62 52 1.026107
62 53 1.033650
62 54 1.042709
62 55 1.053611
62 56 1.066332
62 57 1.081229
62 58 1.098322
62 59 1.118017
62 60 1.140406
62 61 1.165976
62 62 1.194938
62 63 1.227913
62 64 1.265309
62 65 1.307992
62 66 1.356722
62 67 1.412834
62 68 1.477783
62 69 1.553902
62 70 1.644204
62 71 1.753457
62 72 1.888684
62 73 2.061119
62 74 2.286839
62 75 2.578673
62 76 2.870531
62 77 2.542954
62 78 2.215358
62 79 1.953772
62 80 1.745342
62 81 1.573913
62 82 1.428242
62 83 1.301209
62 84 1.188056
62 85 1.085655
62 86 0.991699
62 87 0.904600
62 88 0.823065
62 89 0.746184
62 90 0.673146
62 91 0.603379
62 92 0.536329
62 93 0.471604
62 94 0.408799
62 95 0.347623
62 96 0.287761
62 97 0.228980
62 98 0.171022
62 99 0.113683
62 100 0.056741
63 51 1.012596
63 52 1.018865
63 53 1.026527
63 54 1.035899
63 55 1.046943
63 56 1.059999
63 57 1.075067
63 58 1.092525
63 59 1.112431
63 60 1.135229
63 61 1.161074
63 62 1.190517
63 63 1.223871
63 64 1.261879
63 65 1.305130
63 66 1.354729
63 67 1.411796
63 68 1.478189
63 69 1.556201
63 70 1.649541
63 71 1.763716
63 72 1.908462
63 73 2.102284
63 74 2.387802
63 75 2.884125
63 76 4.000000
63 77 2.848710
63 78 2.316921
63 79 1.995850
63 80 1.766320
63 81 1.585695
63 82 1.435380
63 83 1.305642
63 84 1.190867
63 85 1.087364
63 86 0.992716
63 87 0.905099
63 88 0.823251
63 89 0.746116
63 90 0.672949
63 91 0.603066
63 92 0.535982
63 93 0.471220
63 94 0.408435
63 95 0.347268
63 96 0.287457
63 97 0.228716
63 98 0.170824
63 99 0.113543
63 100 0.056672
64 51 1.003975
64 52 1.010228
64 53 1.018059
64 54 1.027416
64 55 1.038623
64 56 1.051656
64 57 1.066866
64 58 1.084279
64 59 1.104294
64 60 1.127007
64 61 1.152900
64 62 1.182187
64 63 1.215485
64 64 1.253207
64 65 1.296213
64 66 1.345268
64 67 1.401702
64 68 1.466975
64 69 1.543416
64 70 1.634041
64 71 1.743614
64 72 1.879163
64 73 2.051918
64 74 2.277961
64 75 2.570115
64 76 2.862296
64 77 2.535039
64 78 2.207766
64 79 1.946501
64 80 1.738395
64 81 1.567288
64 82 1.421942
64 83 1.295234
64 84 1.182406
64 85 1.080332
64 86 0.986703
64 87 0.899932
64 88 0.818726
64 89 0.742175
64 90 0.669468
64 91 0.600032
64 92 0.533315
64 93 0.468923
64 94 0.406451
64 95 0.345609
64 96 0.286082
64 97 0.227636
64 98 0.170014
64 99 0.113011
64 100 0.056405
65 51 0.994082
65 52 1.000378
65 53 1.008064
65 54 1.017444
65 55 1.028476
65 56 1.041485
65 57 1.056464
65 58 1.073773
65 59 1.093457
65 60 1.115934
65 61 1.141332
65 62 1.170159
65 63 1.202677
65 64 1.239546
65 65 1.281246
65 66 1.328703
65 67 1.382769
65 68 1.444845
65 69 1.516446
65 70 1.599816
65 71 1.697536
65 72 1.812847
65 73 1.948266
65 74 2.102148
65 75 2.256079
65 76 2.344107
65 77 2.221384
65 78 2.032707
65 79 1.843994
65 80 1.673590
65 81 1.523121
65 82 1.389988
65 83 1.270944
65 84 1.163310
65 85 1.064854
65 86 0.973941
65 87 0.889201
65 88 0.809644
65 89 0.734388
65 90 0.662802
65 91 0.594281
65 92 0.528395
65 93 0.464705
65 94 0.402896
65 95 0.342633
65 96 0.283669
65 97 0.225732
65 98 0.168612
65 99 0.112080
65 100 0.055944
66 51 0.983096
66 52 0.989137
66 53 0.996731
66 54 1.005819
66 55 1.016702
66 56 1.029345
66 57 1.044074
66 58 1.060891
66 59 1.080160
66 60 1.101940
66 61 1.126651
66 62 1.154440
66 63 1.185817
66 64 1.221056
66 65 1.260806
66 66 1.305530
66 67 1.356086
66 68 1.413190
66 69 1.477941
66 70 1.551243
66 71 1.634071
66 72 1.726423
66 73 1.826319
66 74 1.926286
66 75 2.008073
66 76 2.036670
66 77 1.973794
66 78 1.857686
66 79 1.723295
66 80 1.588848
66 81 1.461740
66 82 1.343943
66 83 1.235364
66 84 1.135036
66 85 1.041942
66 86 0.955008
66 87 0.873388
66 88 0.796261
66 89 0.723022
66 90 0.653070
66 91 0.585971
66 92 0.521278
66 93 0.458668
66 94 0.397795
66 95 0.338408
66 96 0.280227
66 97 0.223042
66 98 0.166620
66 99 0.110771
66 100 0.055292
67 51 0.970844
67 52 0.976697
67 53 0.983905
67 54 0.992747
67 55 1.003167
67 56 1.015460
67 57 1.029595
67 58 1.045890
67 59 1.064351
67 60 1.085333
67 61 1.108894
67 62 1.135438
67 63 1.165097
67 64 1.198341
67 65 1.235391
67 66 1.276795
67 67 1.322853
67 68 1.374135
67 69 1.430884
67 70 1.493364
67 71 1.561082
67 72 1.632645
67 73 1.704301
67 74 1.768761
67 75 1.813256
67 76 1.820835
67 77 1.779436
67 78 1.701070
67 79 1.602653
67 80 1.496889
67 81 1.391049
67 82 1.288800
67 83 1.191532
67 84 1.099640
67 85 1.012872
67 86 0.930866
67 87 0.853082
67 88 0.779085
67 89 0.708370
67 90 0.640566
67 91 0.575257
67 92 0.512146
67 93 0.450895
67 94 0.391264
67 95 0.332976
67 96 0.275829
67 97 0.219591
67 98 0.164079
67 99 0.109093
67 100 0.054460
68 51 0.957515
68 52 0.962903
68 53 0.969789
68 54 0.978098
68 55 0.988099
68 56 0.999734
68 57 1.013286
68 58 1.028722
68 59 1.046343
68 60 1.066147
68 61 1.088461
68 62 1.113322
68 63 1.141083
68 64 1.171819
68 65 1.205898
68 66 1.243404
68 67 1.284652
68 68 1.329613
68 69 1.378325
68 70 1.430247
68 71 1.484452
68 72 1.538773
68 73 1.589656
68 74 1.631201
68 75 1.655506
68 76 1.653978
68 77 1.622178
68 78 1.564503
68 79 1.489487
68 80 1.405007
68 81 1.316889
68 82 1.228675
68 83 1.142443
68 84 1.059121
68 85 0.979147
68 86 0.902501
68 87 0.829089
68 88 0.758627
68 89 0.690895
68 90 0.625568
68 91 0.562420
68 92 0.501153
68 93 0.441562
68 94 0.383389
68 95 0.326450
68 96 0.270523
68 97 0.215443
68 98 0.161012
68 99 0.107075
68 100 0.053457
69 51 0.942949
69 52 0.947953
69 53 0.954251
69 54 0.962092
69 55 0.971396
69 56 0.982419
69 57 0.995095
69 58 1.009688
69 59 1.026152
69 60 1.044759
69 61 1.065482
69 62 1.088599
69 63 1.114094
69 64 1.142233
69 65 1.172980
69 66 1.206530
69 67 1.242737
69 68 1.281578
69 69 1.322558
69 70 1.365063
69 71 1.407707
69 72 1.448531
69 73 1.484348
69 74 1.511050
69 75 1.523590
69 76 1.517540
69 77 1.490797
69 78 1.445413
69 79 1.385785
69 80 1.316892
69 81 1.242825
69 82 1.166690
69 83 1.090441
69 84 1.015368
69 85 0.942095
69 86 0.871005
69 87 0.802145
69 88 0.735533
69 89 0.671012
69 90 0.608473
69 91 0.547700
69 92 0.488552
69 93 0.430811
69 94 0.374331
69 95 0.318912
69 96 0.264410
69 97 0.210644
69 98 0.157476
69 99 0.104740
69 100 0.052299
70 51 0.927336
70 52 0.931708
70 53 0.937502
70 54 0.944623
70 55 0.953302
70 56 0.963451
70 57 0.975305
70 58 0.988785
70 59 1.004125
70 60 1.021255
70 61 1.040404
70 62 1.061499
70 63 1.084745
70 64 1.110040
70 65 1.137523
70 66 1.166998
70 67 1.198436
70 68 1.231404
70 69 1.265493
70 70 1.299742
70 71 1.332985
70 72 1.363295
70 73 1.388338
70 74 1.405061
70 75 1.410426
70 76 1.401795
70 77 1.378201
70 78 1.340569
70 79 1.291481
70 80 1.233949
70 81 1.170954
70 82 1.104819
70 83 1.037382
70 84 0.969813
70 85 0.902969
70 86 0.837277
70 87 0.773050
70 88 0.710348
70 89 0.649233
70 90 0.589609
70 91 0.531429
70 92 0.474543
70 93 0.418859
70 94 0.364214
70 95 0.310501
70 96 0.257560
70 97 0.205278
70 98 0.153506
70 99 0.102126
70 100 0.050998
71 51 0.910530
71 52 0.914368
71 53 0.919427
71 54 0.925919
71 55 0.933738
71 56 0.943096
71 57 0.953890
71 58 0.966328
71 59 0.980310
71 60 0.996030
71 61 1.013381
71 62 1.032532
71 63 1.053345
71 64 1.075929
71 65 1.100073
71 66 1.125757
71 67 1.152605
71 68 1.180344
71 69 1.208267
71 70 1.235640
71 71 1.261196
71 72 1.283518
71 73 1.300649
71 74 1.310601
71 75 1.311259
71 76 1.301168
71 77 1.279644
71 78 1.247321
71 79 1.205623
71 80 1.156601
71 81 1.102224
71 82 1.044371
71 83 0.984454
71 84 0.923646
71 85 0.862691
71 86 0.802186
71 87 0.742428
71 88 0.683668
71 89 0.625962
71 90 0.569381
71 91 0.513865
71 92 0.459397
71 93 0.405867
71 94 0.353216
71 95 0.301317
71 96 0.250088
71 97 0.199403
71 98 0.149167
71 99 0.099259
71 100 0.049575
72 51 0.892717
72 52 0.895808
72 53 0.900238
72 54 0.905887
72 55 0.912949
72 56 0.921303
72 57 0.931137
72 58 0.942329
72 59 0.955051
72 60 0.969174
72 61 0.984843
72 62 1.001902
72 63 1.020445
72 64 1.040258
72 65 1.061338
72 66 1.083353
72 67 1.106123
72 68 1.129100
72 69 1.151810
72 70 1.173357
72 71 1.192842
72 72 1.208934
72 73 1.220322
72 74 1.225436
72 75 1.223008
72 76 1.211973
72 77 1.192035
72 78 1.163449
72 79 1.127227
72 80 1.084609
72 81 1.037096
72 82 0.985989
72 83 0.932532
72 84 0.877626
72 85 0.822069
72 86 0.766350
72 87 0.710902
72 88 0.655934
72 89 0.601648
72 90 0.548087
72 91 0.495322
72 92 0.443312
72 93 0.392054
72 94 0.341465
72 95 0.291505
72 96 0.242074
72 97 0.193107
72 98 0.144502
72 99 0.096181
72 100 0.048043
73 51 0.873760
73 52 0.876223
73 53 0.879829
73 54 0.884754
73 55 0.890866
73 56 0.898335
73 57 0.907026
73 58 0.917093
73 59 0.928393
73 60 0.941056
73 61 0.954916
73 62 0.970060
73 63 0.986277
73 64 1.003579
73 65 1.021670
73 66 1.040436
73 67 1.059433
73 68 1.078351
73 69 1.096518
73 70 1.113346
73 71 1.127881
73 72 1.139244
73 73 1.146270
73 74 1.147986
73 75 1.143366
73 76 1.131839
73 77 1.113075
73 78 1.087358
73 79 1.055226
73 80 1.017643
73 81 0.975564
73 82 0.930077
73 83 0.882058
73 84 0.832369
73 85 0.781608
73 86 0.730340
73 87 0.678897
73 88 0.627605
73 89 0.576608
73 90 0.526072
73 91 0.476026
73 92 0.426537
73 93 0.377572
73 94 0.329136
73 95 0.281165
73 96 0.233629
73 97 0.186449
73 98 0.139574
73 99 0.092920
73 100 0.046423
74 51 0.853838
74 52 0.855494
74 53 0.858406
74 54 0.862432
74 55 0.867727
74 56 0.874146
74 57 0.881830
74 58 0.890626
74 59 0.900654
74 60 0.911742
74 61 0.923976
74 62 0.937147
74 63 0.951283
74 64 0.966113
74 65 0.981572
74 66 0.997288
74 67 1.013056
74 68 1.028351
74 69 1.042780
74 70 1.055627
74 71 1.066291
74 72 1.073892
74 73 1.077710
74 74 1.076871
74 75 1.070796
74 76 1.058944
74 77 1.041221
74 78 1.017682
74 79 0.988815
74 80 0.955174
74 81 0.917565
74 82 0.876697
74 83 0.833369
74 84 0.788184
74 85 0.741759
74 86 0.694505
74 87 0.646835
74 88 0.598980
74 89 0.551189
74 90 0.503565
74 91 0.456241
74 92 0.409238
74 93 0.362614
74 94 0.316342
74 95 0.270431
74 96 0.224829
74 97 0.179514
74 98 0.134424
74 99 0.089517
74 100 0.044727
75 51 0.832821
75 52 0.833809
75 53 0.835868
75 54 0.839136
75 55 0.843464
75 56 0.848979
75 57 0.855522
75 58 0.863206
75 59 0.871856
75 60 0.881554
75 61 0.892099
75 62 0.903529
75 63 0.915594
75 64 0.928265
75 65 0.941218
75 66 0.954322
75 67 0.967151
75 68 0.979437
75 69 0.990623
75 70 1.000294
75 71 1.007764
75 72 1.012510
75 73 1.013809
75 74 1.011164
75 75 1.004002
75 76 0.992077
75 77 0.975181
75 78 0.953477
75 79 0.927180
75 80 0.896804
75 81 0.862826
75 82 0.825898
75 83 0.786539
75 84 0.745345
75 85 0.702740
75 86 0.659183
75 87 0.614957
75 88 0.570376
75 89 0.525603
75 90 0.480832
75 91 0.436135
75 92 0.391622
75 93 0.347305
75 94 0.303234
75 95 0.259387
75 96 0.215775
75 97 0.172355
75 98 0.129112
75 99 0.085997
75 100 0.042977
76 51 0.810877
76 52 0.811053
76 53 0.812408
76 54 0.814782
76 55 0.818296
76 56 0.822784
76 57 0.828351
76 58 0.834821
76 59 0.842277
76 60 0.850520
76 61 0.859596
76 62 0.869275
76 63 0.879549
76 64 0.890134
76 65 0.900948
76 66 0.911633
76 67 0.922009
76 68 0.931624
76 69 0.940190
76 70 0.947161
76 71 0.952155
76 72 0.954577
76 73 0.954028
76 74 0.949974
76 75 0.942134
76 76 0.930183
76 77 0.914099
76 78 0.893866
76 79 0.869760
76 80 0.842035
76 81 0.811163
76 82 0.777530
76 83 0.741655
76 84 0.703918
76 85 0.664776
76 86 0.624528
76 87 0.583524
76 88 0.541965
76 89 0.500093
76 90 0.458024
76 91 0.415911
76 92 0.373808
76 93 0.331802
76 94 0.289902
76 95 0.248149
76 96 0.206527
76 97 0.165046
76 98 0.123673
76 99 0.082397
76 100 0.041181
77 51 0.787881
77 52 0.787401
77 53 0.787927
77 54 0.789567
77 55 0.792153
77 56 0.795781
77 57 0.800276
77 58 0.805717
77 59 0.811910
77 60 0.818908
77 61 0.826492
77 62 0.834673
77 63 0.843193
77 64 0.852009
77 65 0.860809
77 66 0.869474
77 67 0.877628
77 68 0.885071
77 69 0.891353
77 70 0.896200
77 71 0.899117
77 72 0.899795
77 73 0.897754
77 74 0.892737
77 75 0.884379
77 76 0.872574
77 77 0.857167
77 78 0.838270
77 79 0.815959
77 80 0.790542
77 81 0.762259
77 82 0.731521
77 83 0.698632
77 84 0.664003
77 85 0.627916
77 86 0.590724
77 87 0.552645
77 88 0.513948
77 89 0.474779
77 90 0.435328
77 91 0.395679
77 92 0.355955
77 93 0.316193
77 94 0.276467
77 95 0.236781
77 96 0.197173
77 97 0.157628
77 98 0.118156
77 99 0.078736
77 100 0.039358
78 51 0.763990
78 52 0.762742
78 53 0.762604
78 54 0.763406
78 55 0.765234
78 56 0.767913
78 57 0.771518
78 58 0.775860
78 59 0.780993
78 60 0.786710
78 61 0.793035
78 62 0.799730
78 63 0.806777
78 64 0.813901
78 65 0.821026
78 66 0.827828
78 67 0.834171
78 68 0.839677
78 69 0.844149
78 70 0.847169
78 71 0.848503
78 72 0.847731
78 73 0.844629
78 74 0.838841
78 75 0.830228
78 76 0.818567
78 77 0.803870
78 78 0.786088
78 79 0.765398
78 80 0.741914
78 81 0.715933
78 82 0.687665
78 83 0.657457
78 84 0.625545
78 85 0.592259
78 86 0.557808
78 87 0.522470
78 88 0.486403
78 89 0.449822
78 90 0.412832
78 91 0.375584
78 92 0.338140
78 93 0.300600
78 94 0.262991
78 95 0.225374
78 96 0.187754
78 97 0.150161
78 98 0.112588
78 99 0.075044
78 100 0.037516
79 51 0.739084
79 52 0.737238
79 53 0.736343
79 54 0.736477
79 55 0.737465
79 56 0.739374
79 57 0.742021
79 58 0.745460
79 59 0.749492
79 60 0.754147
79 61 0.759207
79 62 0.764669
79 63 0.770285
79 64 0.776012
79 65 0.781565
79 66 0.786852
79 67 0.791550
79 68 0.795517
79 69 0.798396
79 70 0.800012
79 71 0.799997
79 72 0.798169
79 73 0.794192
79 74 0.787929
79 75 0.779126
79 76 0.767745
79 77 0.753657
79 78 0.736949
79 79 0.717632
79 80 0.695907
79 81 0.671892
79 82 0.645861
79 83 0.617988
79 84 0.588563
79 85 0.557767
79 86 0.525868
79 87 0.493023
79 88 0.459452
79 89 0.425274
79 90 0.390659
79 91 0.355685
79 92 0.320475
79 93 0.285075
79 94 0.249566
79 95 0.213970
79 96 0.178339
79 97 0.142676
79 98 0.107010
79 99 0.071337
79 100 0.035669
80 51 0.713308
80 52 0.710782
80 53 0.709304
80 54 0.708697
80 55 0.709022
80 56 0.710098
80 57 0.711977
80 58 0.714467
80 59 0.717604
80 60 0.721180
80 61 0.725206
80 62 0.729454
80 63 0.733903
80 64 0.738298
80 65 0.742581
80 66 0.746466
80 67 0.749858
80 68 0.752444
80 69 0.754094
80 70 0.754486
80 71 0.753477
80 72 0.750757
80 73 0.746203
80 74 0.739557
80 75 0.730755
80 76 0.719628
80 77 0.706203
80 78 0.690419
80 79 0.672401
80 80 0.652189
80 81 0.629985
80 82 0.605899
80 83 0.580174
80 84 0.552950
80 85 0.524471
80 86 0.494876
80 87 0.464383
80 88 0.433109
80 89 0.401234
80 90 0.368845
80 91 0.336081
80 92 0.303001
80 93 0.269705
80 94 0.236228
80 95 0.202639
80 96 0.168954
80 97 0.135218
80 98 0.101438
80 99 0.067638
80 100 0.033821
81 51 0.686551
81 52 0.683522
81 53 0.681395
81 54 0.680224
81 55 0.679829
81 56 0.680257
81 57 0.681322
81 58 0.683060
81 59 0.685276
81 60 0.687987
81 61 0.690982
81 62 0.694254
81 63 0.697573
81 64 0.700904
81 65 0.703993
81 66 0.706773
81 67 0.708971
81 68 0.710493
81 69 0.711051
81 70 0.710537
81 71 0.708669
81 72 0.705342
81 73 0.700306
81 74 0.693492
81 75 0.684709
81 76 0.673951
81 77 0.661109
81 78 0.646254
81 79 0.629364
81 80 0.610581
81 81 0.589958
81 82 0.567685
81 83 0.543859
81 84 0.518690
81 85 0.492292
81 86 0.464867
81 87 0.436524
81 88 0.407441
81 89 0.377707
81 90 0.347469
81 91 0.316794
81 92 0.285795
81 93 0.254517
81 94 0.223043
81 95 0.191402
81 96 0.159650
81 97 0.127804
81 98 0.095903
81 99 0.063955
81 100 0.031984
82 51 0.658949
82 52 0.655361
82 53 0.652764
82 54 0.650977
82 55 0.650042
82 56 0.649778
82 57 0.650218
82 58 0.651176
82 59 0.652673
82 60 0.654511
82 61 0.656693
82 62 0.659008
82 63 0.661437
82 64 0.663752
82 65 0.665908
82 66 0.667662
82 67 0.668946
82 68 0.669505
82 69 0.669256
82 70 0.667943
82 71 0.665483
82 72 0.661637
82 73 0.656340
82 74 0.649396
82 75 0.640781
82 76 0.630357
82 77 0.618160
82 78 0.604122
82 79 0.588339
82 80 0.570814
82 81 0.551691
82 82 0.531023
82 83 0.508985
82 84 0.485659
82 85 0.461226
82 86 0.435777
82 87 0.409482
82 88 0.382423
82 89 0.354751
82 90 0.326531
82 91 0.297887
82 92 0.268868
82 93 0.239569
82 94 0.210026
82 95 0.180308
82 96 0.150440
82 97 0.120469
82 98 0.090414
82 99 0.060306
82 100 0.030161
83 51 0.630400
83 52 0.626434
83 53 0.623323
83 54 0.621099
83 55 0.619585
83 56 0.618812
83 57 0.618598
83 58 0.618966
83 59 0.619728
83 60 0.620896
83 61 0.622272
83 62 0.623848
83 63 0.625416
83 64 0.626949
83 65 0.628226
83 66 0.629202
83 67 0.629646
83 68 0.629498
83 69 0.628524
83 70 0.626660
83 71 0.623682
83 72 0.619535
83 73 0.614023
83 74 0.607115
83 75 0.598660
83 76 0.588670
83 77 0.577049
83 78 0.563857
83 79 0.549058
83 80 0.532756
83 81 0.514968
83 82 0.495832
83 83 0.475399
83 84 0.453824
83 85 0.431177
83 86 0.407612
83 87 0.383202
83 88 0.358090
83 89 0.332340
83 90 0.306077
83 91 0.279353
83 92 0.252269
83 93 0.224866
83 94 0.197222
83 95 0.169366
83 96 0.141358
83 97 0.113219
83 98 0.084993
83 99 0.056696
83 100 0.028359
84 51 0.601032
84 52 0.596654
84 53 0.593206
84 54 0.590513
84 55 0.588598
84 56 0.587287
84 57 0.586601
84 58 0.586361
84 59 0.586580
84 60 0.587074
84 61 0.587844
84 62 0.588696
84 63 0.589616
84 64 0.590402
84 65 0.591025
84 66 0.591275
84 67 0.591110
84 68 0.590316
84 69 0.588845
84 70 0.586490
84 71 0.583203
84 72 0.578798
84 73 0.573242
84 74 0.566379
84 75 0.558208
84 76 0.548614
84 77 0.537632
84 78 0.525199
84 79 0.511389
84 80 0.496185
84 81 0.479695
84 82 0.461939
84 83 0.443046
84 84 0.423063
84 85 0.402127
84 86 0.380293
84 87 0.357697
84 88 0.334394
84 89 0.310506
84 90 0.286084
84 91 0.261231
84 92 0.235990
84 93 0.210445
84 94 0.184628
84 95 0.158607
84 96 0.132407
84 97 0.106078
84 98 0.079642
84 99 0.053136
84 100 0.026579
85 51 0.570758
85 52 0.566147
85 53 0.562337
85 54 0.559348
85 55 0.557008
85 56 0.555335
85 57 0.554157
85 58 0.553490
85 59 0.553157
85 60 0.553165
85 61 0.553333
85 62 0.553657
85 63 0.553950
85 64 0.554194
85 65 0.554197
85 66 0.553931
85 67 0.553201
85 68 0.551971
85 69 0.550050
85 70 0.547400
85 71 0.543843
85 72 0.539351
85 73 0.533768
85 74 0.527084
85 75 0.519177
85 76 0.510066
85 77 0.499667
85 78 0.488030
85 79 0.475115
85 80 0.461002
85 81 0.445687
85 82 0.429274
85 83 0.411784
85 84 0.393338
85 85 0.373973
85 86 0.353811
85 87 0.332897
85 88 0.311347
85 89 0.289205
85 90 0.266575
85 91 0.243498
85 92 0.220059
85 93 0.196294
85 94 0.172275
85 95 0.148028
85 96 0.123610
85 97 0.099045
85 98 0.074376
85 99 0.049626
85 100 0.024826
86 51 0.539700
86 52 0.534837
86 53 0.530838
86 54 0.527534
86 55 0.524939
86 56 0.522887
86 57 0.521391
86 58 0.520284
86 59 0.519575
86 60 0.519095
86 61 0.518844
86 62 0.518649
86 63 0.518502
86 64 0.518225
86 65 0.517801
86 66 0.517050
86 67 0.515948
86 68 0.514317
86 69 0.512129
86 70 0.509217
86 71 0.505557
86 72 0.500996
86 73 0.495524
86 74 0.489013
86 75 0.481472
86 76 0.472806
86 77 0.463049
86 78 0.452140
86 79 0.440140
86 80 0.427023
86 81 0.412870
86 82 0.397684
86 83 0.381564
86 84 0.364531
86 85 0.346692
86 86 0.328080
86 87 0.308800
86 88 0.288891
86 89 0.268450
86 90 0.247515
86 91 0.226172
86 92 0.204455
86 93 0.182437
86 94 0.160148
86 95 0.137647
86 96 0.114960
86 97 0.092134
86 98 0.069193
86 99 0.046174
86 100 0.023099
87 51 0.507790
87 52 0.502847
87 53 0.498645
87 54 0.495192
87 55 0.492327
87 56 0.490061
87 57 0.488234
87 58 0.486854
87 59 0.485764
87 60 0.484965
87 61 0.484297
87 62 0.483758
87 63 0.483183
87 64 0.482562
87 65 0.481730
87 66 0.480671
87 67 0.479222
87 68 0.477362
87 69 0.474933
87 70 0.471918
87 71 0.468170
87 72 0.463679
87 73 0.458318
87 74 0.452089
87 75 0.444891
87 76 0.436747
87 77 0.427583
87 78 0.417443
87 79 0.406284
87 80 0.394170
87 81 0.381086
87 82 0.367113
87 83 0.352256
87 84 0.336606
87 85 0.320183
87 86 0.303082
87 87 0.285332
87 88 0.267024
87 89 0.248189
87 90 0.228910
87 91 0.209220
87 92 0.189191
87 93 0.168851
87 94 0.148264
87 95 0.127453
87 96 0.106470
87 97 0.085339
87 98 0.064100
87 99 0.042777
87 100 0.021402
88 51 0.475143
88 52 0.470114
88 53 0.465872
88 54 0.462261
88 55 0.459285
88 56 0.456794
88 57 0.454794
88 58 0.453135
88 59 0.451821
88 60 0.450703
88 61 0.449780
88 62 0.448901
88 63 0.448061
88 64 0.447108
88 65 0.446032
88 66 0.444683
88 67 0.443045
88 68 0.440974
88 69 0.438455
88 70 0.435351
88 71 0.431650
88 72 0.427232
88 73 0.422094
88 74 0.416134
88 75 0.409365
88 76 0.401707
88 77 0.393192
88 78 0.383764
88 79 0.373473
88 80 0.362288
88 81 0.350275
88 82 0.337426
88 83 0.323816
88 84 0.309453
88 85 0.294420
88 86 0.278735
88 87 0.262481
88 88 0.245684
88 89 0.228421
88 90 0.210718
88 91 0.192649
88 92 0.174238
88 93 0.155548
88 94 0.136603
88 95 0.117456
88 96 0.098130
88 97 0.078668
88 98 0.059093
88 99 0.039440
88 100 0.019733
89 51 0.441710
89 52 0.436755
89 53 0.432469
89 54 0.428852
89 55 0.425759
89 56 0.423193
89 57 0.421013
89 58 0.419223
89 59 0.417683
89 60 0.416394
89 61 0.415217
89 62 0.414149
89 63 0.413051
89 64 0.411916
89 65 0.410607
89 66 0.409114
89 67 0.407302
89 68 0.405161
89 69 0.402562
89 70 0.399498
89 71 0.395849
89 72 0.391616
89 73 0.386694
89 74 0.381093
89 75 0.374728
89 76 0.367623
89 77 0.359714
89 78 0.351038
89 79 0.341555
89 80 0.331316
89 81 0.320301
89 82 0.308573
89 83 0.296128
89 84 0.283037
89 85 0.269308
89 86 0.255015
89 87 0.240175
89 88 0.224860
89 89 0.209092
89 90 0.192937
89 91 0.176420
89 92 0.159599
89 93 0.142499
89 94 0.125171
89 95 0.107638
89 96 0.089944
89 97 0.072111
89 98 0.054175
89 99 0.036158
89 100 0.018092
90 51 0.407606
90 52 0.402727
90 53 0.398544
90 54 0.394918
90 55 0.391850
90 56 0.389205
90 57 0.386986
90 58 0.385061
90 59 0.383434
90 60 0.381974
90 61 0.380680
90 62 0.379426
90 63 0.378208
90 64 0.376898
90 65 0.375492
90 66 0.373864
90 67 0.372008
90 68 0.369805
90 69 0.367249
90 70 0.364228
90 71 0.360741
90 72 0.356687
90 73 0.352073
90 74 0.346815
90 75 0.340926
90 76 0.334342
90 77 0.327089
90 78 0.319119
90 79 0.310473
90 80 0.301121
90 81 0.291113
90 82 0.280438
90 83 0.269153
90 84 0.257258
90 85 0.244819
90 86 0.231842
90 87 0.218394
90 88 0.204490
90 89 0.190193
90 90 0.175520
90 91 0.160529
90 92 0.145241
90 93 0.129707
90 94 0.113946
90 95 0.098003
90 96 0.081899
90 97 0.065670
90 98 0.049338
90 99 0.032933
90 100 0.016478
91 51 0.372800
91 52 0.368139
91 53 0.364061
91 54 0.360563
91 55 0.357517
91 56 0.354924
91 57 0.352663
91 58 0.350733
91 59 0.349016
91 60 0.347513
91 61 0.346105
91 62 0.344791
91 63 0.343456
91 64 0.342096
91 65 0.340597
91 66 0.338956
91 67 0.337062
91 68 0.334911
91 69 0.332400
91 70 0.329527
91 71 0.326198
91 72 0.322416
91 73 0.318098
91 74 0.313256
91 75 0.307820
91 76 0.301813
91 77 0.295180
91 78 0.287954
91 79 0.280097
91 80 0.271651
91 81 0.262594
91 82 0.252975
91 83 0.242787
91 84 0.232083
91 85 0.220866
91 86 0.209192
91 87 0.197070
91 88 0.184558
91 89 0.171669
91 90 0.158457
91 91 0.144937
91 92 0.131159
91 93 0.117141
91 94 0.102925
91 95 0.088530
91 96 0.073994
91 97 0.059334
91 98 0.044583
91 99 0.029759
91 100 0.014891
92 51 0.337404
92 52 0.332968
92 53 0.329124
92 54 0.325753
92 55 0.322854
92 56 0.320312
92 57 0.318128
92 58 0.316192
92 59 0.314503
92 60 0.312956
92 61 0.311549
92 62 0.310177
92 63 0.308839
92 64 0.307431
92 65 0.305951
92 66 0.304299
92 67 0.302473
92 68 0.300376
92 69 0.298009
92 70 0.295283
92 71 0.292199
92 72 0.288680
92 73 0.284732
92 74 0.280290
92 75 0.275366
92 76 0.269908
92 77 0.263939
92 78 0.257419
92 79 0.250378
92 80 0.242792
92 81 0.234698
92 82 0.226083
92 83 0.216992
92 84 0.207421
92 85 0.197419
92 86 0.186988
92 87 0.176180
92 88 0.165003
92 89 0.153506
92 90 0.141701
92 91 0.129634
92 92 0.117319
92 93 0.104797
92 94 0.092085
92 95 0.079218
92 96 0.066213
92 97 0.053101
92 98 0.039899
92 99 0.026636
92 100 0.013328
93 51 0.301407
93 52 0.297317
93 53 0.293712
93 54 0.290585
93 55 0.287832
93 56 0.285452
93 57 0.283345
93 58 0.281509
93 59 0.279849
93 60 0.278363
93 61 0.276958
93 62 0.275631
93 63 0.274291
93 64 0.272937
93 65 0.271477
93 66 0.269912
93 67 0.268154
93 68 0.266202
93 69 0.263977
93 70 0.261479
93 71 0.258636
93 72 0.255452
93 73 0.251862
93 74 0.247879
93 75 0.243447
93 76 0.238585
93 77 0.233250
93 78 0.227467
93 79 0.221206
93 80 0.214498
93 81 0.207323
93 82 0.199720
93 83 0.191678
93 84 0.183238
93 85 0.174400
93 86 0.165205
93 87 0.155659
93 88 0.145805
93 89 0.135651
93 90 0.125238
93 91 0.114579
93 92 0.103710
93 93 0.092645
93 94 0.081418
93 95 0.070044
93 96 0.058552
93 97 0.046958
93 98 0.035287
93 99 0.023556
93 100 0.011788
94 51 0.264917
94 52 0.261182
94 53 0.257921
94 54 0.255041
94 55 0.252537
94 56 0.250320
94 57 0.248387
94 58 0.246652
94 59 0.245115
94 60 0.243691
94 61 0.242379
94 62 0.241098
94 63 0.239847
94 64 0.238546
94 65 0.237195
94 66 0.235716
94 67 0.234109
94 68 0.232302
94 69 0.230295
94 70 0.228022
94 71 0.225487
94 72 0.222628
94 73 0.219455
94 74 0.215916
94 75 0.212022
94 76 0.207734
94 77 0.203069
94 78 0.197994
94 79 0.192536
94 80 0.186670
94 81 0.180428
94 82 0.173795
94 83 0.166806
94 84 0.159454
94 85 0.151777
94 86 0.143774
94 87 0.135482
94 88 0.126907
94 89 0.118085
94 90 0.109023
94 91 0.099757
94 92 0.090297
94 93 0.080674
94 94 0.070900
94 95 0.061002
94 96 0.050994
94 97 0.040901
94 98 0.030735
94 99 0.020519
94 100 0.010268
95 51 0.227943
95 52 0.224659
95 53 0.221749
95 54 0.219208
95 55 0.216955
95 56 0.214988
95 57 0.213231
95 58 0.211682
95 59 0.210267
95 60 0.208987
95 61 0.207770
95 62 0.206615
95 63 0.205453
95 64 0.204284
95 65 0.203040
95 66 0.201722
95 67 0.200265
95 68 0.198671
95 69 0.196880
95 70 0.194894
95 71 0.192660
95 72 0.190183
95 73 0.187414
95 74 0.184365
95 75 0.180993
95 76 0.177314
95 77 0.173296
95 78 0.168956
95 79 0.164272
95 80 0.159266
95 81 0.153923
95 82 0.148269
95 83 0.142296
95 84 0.136034
95 85 0.129480
95 86 0.122664
95 87 0.115588
95 88 0.108285
95 89 0.100757
95 90 0.093037
95 91 0.085131
95 92 0.077067
95 93 0.068855
95 94 0.060519
95 95 0.052071
95 96 0.043533
95 97 0.034916
95 98 0.026240
95 99 0.017518
95 100 0.008767
96 51 0.190587
96 52 0.187762
96 53 0.185285
96 54 0.183086
96 55 0.181162
96 56 0.179447
96 57 0.177939
96 58 0.176576
96 59 0.175357
96 60 0.174221
96 61 0.173168
96 62 0.172139
96 63 0.171133
96 64 0.170095
96 65 0.169024
96 66 0.167866
96 67 0.166620
96 68 0.165237
96 69 0.163718
96 70 0.162015
96 71 0.160132
96 72 0.158028
96 73 0.155707
96 74 0.153135
96 75 0.150321
96 76 0.147234
96 77 0.143889
96 78 0.140263
96 79 0.136371
96 80 0.132199
96 81 0.127766
96 82 0.123062
96 83 0.118111
96 84 0.112906
96 85 0.107474
96 86 0.101813
96 87 0.095950
96 88 0.089886
96 89 0.083646
96 90 0.077237
96 91 0.070681
96 92 0.063986
96 93 0.057174
96 94 0.050252
96 95 0.043241
96 96 0.036151
96 97 0.028997
96 98 0.021792
96 99 0.014549
96 100 0.007281
97 51 0.152875
97 52 0.150581
97 53 0.148542
97 54 0.146752
97 55 0.145159
97 56 0.143760
97 57 0.142503
97 58 0.141387
97 59 0.140363
97 60 0.139431
97 61 0.138542
97 62 0.137696
97 63 0.136847
97 64 0.135995
97 65 0.135095
97 66 0.134149
97 67 0.133114
97 68 0.131990
97 69 0.130739
97 70 0.129363
97 71 0.127826
97 72 0.126133
97 73 0.124252
97 74 0.122190
97 75 0.119920
97 76 0.117452
97 77 0.114765
97 78 0.111870
97 79 0.108752
97 80 0.105425
97 81 0.101880
97 82 0.098133
97 83 0.094177
97 84 0.090033
97 85 0.085697
97 86 0.081190
97 87 0.076512
97 88 0.071683
97 89 0.066705
97 90 0.061600
97 91 0.056371
97 92 0.051036
97 93 0.045602
97 94 0.040085
97 95 0.034492
97 96 0.028839
97 97 0.023132
97 98 0.017385
97 99 0.011606
97 100 0.005808
98 51 0.114903
98 52 0.113145
98 53 0.111599
98 54 0.110222
98 55 0.109012
98 56 0.107930
98 57 0.106974
98 58 0.106106
98 59 0.105326
98 60 0.104597
98 61 0.103919
98 62 0.103256
98 63 0.102608
98 64 0.101942
98 65 0.101257
98 66 0.100522
98 67 0.099736
98 68 0.098870
98 69 0.097924
98 70 0.096872
98 71 0.095714
98 72 0.094427
98 73 0.093013
98 74 0.091453
98 75 0.089751
98 76 0.087890
98 77 0.085878
98 78 0.083700
98 79 0.081368
98 80 0.078871
98 81 0.076221
98 82 0.073412
98 83 0.070456
98 84 0.067352
98 85 0.064112
98 86 0.060738
98 87 0.057242
98 88 0.053628
98 89 0.049908
98 90 0.046087
98 91 0.042179
98 92 0.038186
98 93 0.034123
98 94 0.029994
98 95 0.025811
98 96 0.021580
98 97 0.017311
98 98 0.013010
98 99 0.008686
98 100 0.004347
99 51 0.076715
99 52 0.075536
99 53 0.074486
99 54 0.073562
99 55 0.072738
99 56 0.072011
99 57 0.071357
99 58 0.070774
99 59 0.070238
99 60 0.069748
99 61 0.069280
99 62 0.068834
99 63 0.068388
99 64 0.067940
99 65 0.067470
99 66 0.066976
99 67 0.066439
99 68 0.065860
99 69 0.065217
99 70 0.064514
99 71 0.063732
99 72 0.062873
99 73 0.061922
99 74 0.060882
99 75 0.059741
99 76 0.058502
99 77 0.057156
99 78 0.055708
99 79 0.054150
99 80 0.052490
99 81 0.050722
99 82 0.048855
99 83 0.046885
99 84 0.044821
99 85 0.042663
99 86 0.040420
99 87 0.038092
99 88 0.035690
99 89 0.033213
99 90 0.030673
99 91 0.028070
99 92 0.025415
99 93 0.022710
99 94 0.019964
99 95 0.017179
99 96 0.014364
99 97 0.011522
99 98 0.008660
99 99 0.005781
99 100 0.002893
100 51 0.038394
100 52 0.037797
100 53 0.037271
100 54 0.036803
100 55 0.036390
100 56 0.036021
100 57 0.035693
100 58 0.035396
100 59 0.035128
100 60 0.034877
100 61 0.034643
100 62 0.034414
100 63 0.034191
100 64 0.033962
100 65 0.033726
100 66 0.033475
100 67 0.033206
100 68 0.032912
100 69 0.032591
100 70 0.032235
100 71 0.031844
100 72 0.031411
100 73 0.030937
100 74 0.030414
100 75 0.029844
100 76 0.029222
100 77 0.028551
100 78 0.027825
100 79 0.027048
100 80 0.026216
100 81 0.025335
100 82 0.024400
100 83 0.023418
100 84 0.022386
100 85 0.021309
100 86 0.020188
100 87 0.019026
100 88 0.017825
100 89 0.016590
100 90 0.015320
100 91 0.014021
100 92 0.012694
100 93 0.011344
100 94 0.009972
100 95 0.008581
100 96 0.007175
100 97 0.005756
100 98 0.004326
100 99 0.002888
100 100 0.001445
