1 51 0.053395
1 52 0.106787
1 53 0.160159
1 54 0.213515
1 55 0.266825
1 56 0.320094
1 57 0.373270
1 58 0.426354
1 59 0.479266
1 60 0.531994
1 61 0.584419
1 62 0.636501
1 63 0.688066
1 64 0.739031
1 65 0.789147
1 66 0.838267
1 67 0.886046
1 68 0.932254
1 69 0.976440
1 70 1.018291
1 71 1.057270
1 72 1.093023
1 73 1.125001
1 74 1.152917
1 75 1.176345
1 76 1.195212
1 77 1.209352
1 78 1.219004
1 79 1.224296
1 80 1.225743
1 81 1.223668
1 82 1.218723
1 83 1.211275
1 84 1.201980
1 85 1.191142
1 86 1.179341
1 87 1.166776
1 88 1.153933
1 89 1.140905
1 90 1.128095
1 91 1.115509
1 92 1.103486
1 93 1.091967
1 94 1.081247
1 95 1.071222
1 96 1.062156
1 97 1.053913
1 98 1.046739
1 99 1.040476
1 100 1.035355
2 51 0.052789
2 52 0.105555
2 53 0.158286
2 54 0.210945
2 55 0.263524
2 56 0.315969
2 57 0.368270
2 58 0.420347
2 59 0.472184
2 60 0.523667
2 61 0.574763
2 62 0.625314
2 63 0.675255
2 64 0.724373
2 65 0.772558
2 66 0.819526
2 67 0.865110
2 68 0.908946
2 69 0.950809
2 70 0.990264
2 71 1.027050
2 72 1.060704
2 73 1.090990
2 74 1.117500
2 75 1.140121
2 76 1.158601
2 77 1.173041
2 78 1.183409
2 79 1.190041
2 80 1.193100
2 81 1.193094
2 82 1.190288
2 83 1.185257
2 84 1.178268
2 85 1.169883
2 86 1.160307
2 87 1.150042
2 88 1.139213
2 89 1.128252
2 90 1.117204
2 91 1.106441
2 92 1.095940
2 93 1.086029
2 94 1.076633
2 95 1.068044
2 96 1.060154
2 97 1.053230
2 98 1.047138
2 99 1.042128
2 100 1.038049
3 51 0.052204
3 52 0.104380
3 53 0.156484
3 54 0.208496
3 55 0.260358
3 56 0.312051
3 57 0.363494
3 58 0.414664
3 59 0.465455
3 60 0.515832
3 61 0.565652
3 62 0.614859
3 63 0.663267
3 64 0.710790
3 65 0.757186
3 66 0.802330
3 67 0.845921
3 68 0.887792
3 69 0.927585
3 70 0.965105
3 71 0.999962
3 72 1.031970
3 73 1.060756
3 74 1.086206
3 75 1.108039
3 76 1.126282
3 77 1.140804
3 78 1.151819
3 79 1.159361
3 80 1.163810
3 81 1.165323
3 82 1.164384
3 83 1.161196
3 84 1.156277
3 85 1.149814
3 86 1.142301
3 87 1.133873
3 88 1.124979
3 89 1.115687
3 90 1.106394
3 91 1.097109
3 92 1.088184
3 93 1.079574
3 94 1.071597
3 95 1.064168
3 96 1.057579
3 97 1.051716
3 98 1.046851
3 99 1.042851
3 100 1.039972
4 51 0.051660
4 52 0.103275
4 53 0.154807
4 54 0.206198
4 55 0.257415
4 56 0.308381
4 57 0.359064
4 58 0.409361
4 59 0.459235
4 60 0.508554
4 61 0.557267
4 62 0.605205
4 63 0.652298
4 64 0.698335
4 65 0.743218
4 66 0.786689
4 67 0.828624
4 68 0.868717
4 69 0.906825
4 70 0.942611
4 71 0.975933
4 72 1.006458
4 73 1.034085
4 74 1.058531
4 75 1.079792
4 76 1.097684
4 77 1.112339
4 78 1.123703
4 79 1.132056
4 80 1.137458
4 81 1.140304
4 82 1.140728
4 83 1.139186
4 84 1.135831
4 85 1.131129
4 86 1.125210
4 87 1.118520
4 88 1.111142
4 89 1.103484
4 90 1.095577
4 91 1.087792
4 92 1.080111
4 93 1.072871
4 94 1.066012
4 95 1.059844
4 96 1.054277
4 97 1.049600
4 98 1.045700
4 99 1.042850
4 100 1.040921
5 51 0.051162
5 52 0.102273
5 53 0.153272
5 54 0.204115
5 55 0.254724
5 56 0.305059
5 57 0.355020
5 58 0.404566
5 59 0.453571
5 60 0.501987
5 61 0.549657
5 62 0.596521
5 63 0.642387
5 64 0.687178
5 65 0.730664
5 66 0.772749
5 67 0.813169
5 68 0.851812
5 69 0.888386
5 70 0.922783
5 71 0.954702
5 72 0.984064
5 73 1.010596
5 74 1.034282
5 75 1.054915
5 76 1.072580
5 77 1.087166
5 78 1.098877
5 79 1.107701
5 80 1.113956
5 81 1.117708
5 82 1.119350
5 83 1.118990
5 84 1.117058
5 85 1.113662
5 86 1.109234
5 87 1.103856
5 88 1.097940
5 89 1.091530
5 90 1.085006
5 91 1.078371
5 92 1.071977
5 93 1.065785
5 94 1.060122
5 95 1.054918
5 96 1.050478
5 97 1.046707
5 98 1.043893
5 99 1.041926
5 100 1.041083
6 51 0.050725
6 52 0.101384
6 53 0.151925
6 54 0.202266
6 55 0.252360
6 56 0.302110
6 57 0.351466
6 58 0.400311
6 59 0.448592
6 60 0.496165
6 61 0.542970
6 62 0.588834
6 63 0.633688
6 64 0.677326
6 65 0.719667
6 66 0.760476
6 67 0.799666
6 68 0.836975
6 69 0.872321
6 70 0.905432
6 71 0.936244
6 72 0.964501
6 73 0.990187
6 74 1.013086
6 75 1.033258
6 76 1.050557
6 77 1.065137
6 78 1.076936
6 79 1.086205
6 80 1.092957
6 81 1.097526
6 82 1.099974
6 83 1.100688
6 84 1.099749
6 85 1.097564
6 86 1.094207
6 87 1.090081
6 88 1.085234
6 89 1.080051
6 90 1.074547
6 91 1.069083
6 92 1.063639
6 93 1.058553
6 94 1.053774
6 95 1.049618
6 96 1.046009
6 97 1.043249
6 98 1.041241
6 99 1.040276
6 100 1.040244
7 51 0.050352
7 52 0.100637
7 53 0.150776
7 54 0.200709
7 55 0.250341
7 56 0.299618
7 57 0.348424
7 58 0.396705
7 59 0.444321
7 60 0.491216
7 61 0.537225
7 62 0.582285
7 63 0.626206
7 64 0.668917
7 65 0.710202
7 66 0.749990
7 67 0.788042
7 68 0.824291
7 69 0.858489
7 70 0.890586
7 71 0.920340
7 72 0.947736
7 73 0.972563
7 74 0.994862
7 75 1.014473
7 76 1.031515
7 77 1.045890
7 78 1.057804
7 79 1.067225
7 80 1.074438
7 81 1.079465
7 82 1.082647
7 83 1.084039
7 84 1.084016
7 85 1.082638
7 86 1.080293
7 87 1.077026
7 88 1.073220
7 89 1.068894
7 90 1.064415
7 91 1.059776
7 92 1.055321
7 93 1.051016
7 94 1.047186
7 95 1.043771
7 96 1.041082
7 97 1.039039
7 98 1.037940
7 99 1.037691
7 100 1.038583
8 51 0.050057
8 52 0.100036
8 53 0.149865
8 54 0.199451
8 55 0.248732
8 56 0.297597
8 57 0.345984
8 58 0.393762
8 59 0.440870
8 60 0.487153
8 61 0.532547
8 62 0.576876
8 63 0.620071
8 64 0.661933
8 65 0.702394
8 66 0.741238
8 67 0.778401
8 68 0.813656
8 69 0.846958
8 70 0.878081
8 71 0.907011
8 72 0.933540
8 73 0.957702
8 74 0.979327
8 75 0.998512
8 76 1.015139
8 77 1.029377
8 78 1.041164
8 79 1.050744
8 80 1.058106
8 81 1.063553
8 82 1.067111
8 83 1.069126
8 84 1.069638
8 85 1.069017
8 86 1.067301
8 87 1.064862
8 88 1.061724
8 89 1.058252
8 90 1.054445
8 91 1.050655
8 92 1.046855
8 93 1.043381
8 94 1.040184
8 95 1.037584
8 96 1.035511
8 97 1.034274
8 98 1.033788
8 99 1.034355
8 100 1.035883
9 51 0.049842
9 52 0.099605
9 53 0.149196
9 54 0.198543
9 55 0.247540
9 56 0.296118
9 57 0.344152
9 58 0.391576
9 59 0.438242
9 60 0.484085
9 61 0.528936
9 62 0.572727
9 63 0.615269
9 64 0.656497
9 65 0.696205
9 66 0.734334
9 67 0.770668
9 68 0.805163
9 69 0.837606
9 70 0.867979
9 71 0.896081
9 72 0.921938
9 73 0.945377
9 74 0.966477
9 75 0.985109
9 76 1.001415
9 77 1.015314
9 78 1.027014
9 79 1.036482
9 80 1.043987
9 81 1.049531
9 82 1.053432
9 83 1.055714
9 84 1.056723
9 85 1.056490
9 86 1.055374
9 87 1.053397
9 88 1.050919
9 89 1.047944
9 90 1.044824
9 91 1.041542
9 92 1.038438
9 93 1.035471
9 94 1.032967
9 95 1.030869
9 96 1.029490
9 97 1.028756
9 98 1.028974
9 99 1.030060
9 100 1.032315
10 51 0.049718
10 52 0.099346
10 53 0.148803
10 54 0.197986
10 55 0.246819
10 56 0.295183
10 57 0.343006
10 58 0.390147
10 59 0.436535
10 60 0.482010
10 61 0.526501
10 62 0.569827
10 63 0.611920
10 64 0.652582
10 65 0.691753
10 66 0.729225
10 67 0.764951
10 68 0.798724
10 69 0.830521
10 70 0.860146
10 71 0.887615
10 72 0.912753
10 73 0.935627
10 74 0.956097
10 75 0.974286
10 76 0.990099
10 77 1.003720
10 78 1.015097
10 79 1.024471
10 80 1.031828
10 81 1.037458
10 82 1.041373
10 83 1.043897
10 84 1.045051
10 85 1.045182
10 86 1.044308
10 87 1.042781
10 88 1.040609
10 89 1.038140
10 90 1.035365
10 91 1.032622
10 92 1.029882
10 93 1.027473
10 94 1.025345
10 95 1.023817
10 96 1.022823
10 97 1.022673
10 98 1.023292
10 99 1.024982
10 100 1.027665
11 51 0.049684
11 52 0.099279
11 53 0.148685
11 54 0.197820
11 55 0.246569
11 56 0.294854
11 57 0.342541
11 58 0.389555
11 59 0.435741
11 60 0.481025
11 61 0.525231
11 62 0.568287
11 63 0.610000
11 64 0.650306
11 65 0.689000
11 66 0.726029
11 67 0.761188
11 68 0.794447
11 69 0.825609
11 70 0.854677
11 71 0.881478
11 72 0.906060
11 73 0.928280
11 74 0.948241
11 75 0.965840
11 76 0.981238
11 77 0.994372
11 78 1.005461
11 79 1.014478
11 80 1.021692
11 81 1.027102
11 82 1.031016
11 83 1.033448
11 84 1.034730
11 85 1.034877
11 86 1.034234
11 87 1.032810
11 88 1.030948
11 89 1.028644
11 90 1.026235
11 91 1.023700
11 92 1.021366
11 93 1.019193
11 94 1.017500
11 95 1.016230
11 96 1.015694
11 97 1.015822
11 98 1.016920
11 99 1.018912
11 100 1.022102
12 51 0.049749
12 52 0.099402
12 53 0.148869
12 54 0.198041
12 55 0.246835
12 56 0.295123
12 57 0.342825
12 58 0.389792
12 59 0.435946
12 60 0.481117
12 61 0.525227
12 62 0.568088
12 63 0.609627
12 64 0.649641
12 65 0.688069
12 66 0.724704
12 67 0.759503
12 68 0.792267
12 69 0.822985
12 70 0.851477
12 71 0.877776
12 72 0.901730
12 73 0.923425
12 74 0.942749
12 75 0.959846
12 76 0.974641
12 77 0.987337
12 78 0.997898
12 79 1.006574
12 80 1.013359
12 81 1.018545
12 82 1.022141
12 83 1.024468
12 84 1.025541
12 85 1.025696
12 86 1.024942
12 87 1.023620
12 88 1.021729
12 89 1.019606
12 90 1.017233
12 91 1.014938
12 92 1.012689
12 93 1.010804
12 94 1.009232
12 95 1.008286
12 96 1.007900
12 97 1.008380
12 98 1.009654
12 99 1.012024
12 100 1.015416
13 51 0.049912
13 52 0.099730
13 53 0.149349
13 54 0.198682
13 55 0.247607
13 56 0.296041
13 57 0.343843
13 58 0.390928
13 59 0.437134
13 60 0.482376
13 61 0.526472
13 62 0.569339
13 63 0.610777
13 64 0.650710
13 65 0.688931
13 66 0.725380
13 67 0.759852
13 68 0.792318
13 69 0.822588
13 70 0.850675
13 71 0.876417
13 72 0.899881
13 73 0.920942
13 74 0.939727
13 75 0.956152
13 76 0.970404
13 77 0.982439
13 78 0.992495
13 79 1.000562
13 80 1.006919
13 81 1.011576
13 82 1.014844
13 83 1.016741
13 84 1.017595
13 85 1.017421
13 86 1.016554
13 87 1.014999
13 88 1.013090
13 89 1.010817
13 90 1.008507
13 91 1.006132
13 92 1.004011
13 93 1.002101
13 94 1.000710
13 95 0.999780
13 96 0.999614
13 97 1.000144
13 98 1.001669
13 99 1.004115
13 100 1.007781
14 51 0.050179
14 52 0.100258
14 53 0.150147
14 54 0.199731
14 55 0.248924
14 56 0.297592
14 57 0.345650
14 58 0.392942
14 59 0.439378
14 60 0.484782
14 61 0.529061
14 62 0.572019
14 63 0.613566
14 64 0.653491
14 65 0.691718
14 66 0.728033
14 67 0.762382
14 68 0.794565
14 69 0.824569
14 70 0.852217
14 71 0.877551
14 72 0.900434
14 73 0.920968
14 74 0.939062
14 75 0.954883
14 76 0.968383
14 77 0.979786
14 78 0.989082
14 79 0.996541
14 80 1.002178
14 81 1.006296
14 82 1.008919
14 83 1.010371
14 84 1.010676
14 85 1.010165
14 86 1.008853
14 87 1.007070
14 88 1.004815
14 89 1.002414
14 90 0.999846
14 91 0.997428
14 92 0.995124
14 93 0.993241
14 94 0.991726
14 95 0.990878
14 96 0.990633
14 97 0.991285
14 98 0.992762
14 99 0.995357
14 100 0.998996
15 51 0.050546
15 52 0.100997
15 53 0.151249
15 54 0.201213
15 55 0.250764
15 56 0.299817
15 57 0.348224
15 58 0.395894
15 59 0.442656
15 60 0.488414
15 61 0.532973
15 62 0.576232
15 63 0.617977
15 64 0.658114
15 65 0.696419
15 66 0.732813
15 67 0.767079
15 68 0.799175
15 69 0.828904
15 70 0.856276
15 71 0.881135
15 72 0.903556
15 73 0.923433
15 74 0.940909
15 75 0.955933
15 76 0.968713
15 77 0.979240
15 78 0.987777
15 79 0.994344
15 80 0.999243
15 81 1.002509
15 82 1.004466
15 83 1.005148
15 84 1.004888
15 85 1.003712
15 86 1.001951
15 87 0.999613
15 88 0.997026
15 89 0.994176
15 90 0.991382
15 91 0.988612
15 92 0.986172
15 93 0.984014
15 94 0.982435
15 95 0.981374
15 96 0.981120
15 97 0.981601
15 98 0.983104
15 99 0.985554
15 100 0.989238
16 51 0.051017
16 52 0.101936
16 53 0.152670
16 54 0.203106
16 55 0.253156
16 56 0.302687
16 57 0.351606
16 58 0.399754
16 59 0.447031
16 60 0.493247
16 61 0.538295
16 62 0.581959
16 63 0.624129
16 64 0.664570
16 65 0.703180
16 66 0.739722
16 67 0.774118
16 68 0.806150
16 69 0.835786
16 70 0.862846
16 71 0.887366
16 72 0.909221
16 73 0.928523
16 74 0.945210
16 75 0.959471
16 76 0.971297
16 77 0.980944
16 78 0.988441
16 79 0.994091
16 80 0.997942
16 81 1.000324
16 82 1.001288
16 83 1.001172
16 84 1.000017
16 85 0.998161
16 86 0.995624
16 87 0.992737
16 88 0.989498
16 89 0.986224
16 90 0.982894
16 91 0.979813
16 92 0.976937
16 93 0.974562
16 94 0.972628
16 95 0.971421
16 96 0.970870
16 97 0.971256
16 98 0.972500
16 99 0.974881
16 100 0.978319
17 51 0.051585
17 52 0.103082
17 53 0.154390
17 54 0.205425
17 55 0.256067
17 56 0.306228
17 57 0.355760
17 58 0.404566
17 59 0.452465
17 60 0.499348
17 61 0.545001
17 62 0.589301
17 63 0.632008
17 64 0.672996
17 65 0.712009
17 66 0.748934
17 67 0.783522
17 68 0.815697
17 69 0.845244
17 70 0.872152
17 71 0.896263
17 72 0.917651
17 73 0.936231
17 74 0.952166
17 75 0.965443
17 76 0.976307
17 77 0.984797
17 78 0.991217
17 79 0.995636
17 80 0.998391
17 81 0.999557
17 82 0.999484
17 83 0.998234
17 84 0.996156
17 85 0.993289
17 86 0.989969
17 87 0.986211
17 88 0.982334
17 89 0.978328
17 90 0.974497
17 91 0.970807
17 92 0.967549
17 93 0.964668
17 94 0.962445
17 95 0.960812
17 96 0.960041
17 97 0.960052
17 98 0.961116
17 99 0.963149
17 100 0.966419
18 51 0.052251
18 52 0.104415
18 53 0.156412
18 54 0.208137
18 55 0.259509
18 56 0.310398
18 57 0.360710
18 58 0.410283
18 59 0.459006
18 60 0.506678
18 61 0.553168
18 62 0.598236
18 63 0.641735
18 64 0.683397
18 65 0.723073
18 66 0.760483
18 67 0.795502
18 68 0.827873
18 69 0.857525
18 70 0.884255
18 71 0.908084
18 72 0.928890
18 73 0.946800
18 74 0.961782
18 75 0.974065
18 76 0.983693
18 77 0.990973
18 78 0.995995
18 79 0.999112
18 80 1.000428
18 81 1.000311
18 82 0.998855
18 83 0.996423
18 84 0.993083
18 85 0.989180
18 86 0.984752
18 87 0.980124
18 88 0.975300
18 89 0.970587
18 90 0.965960
18 91 0.961708
18 92 0.957783
18 93 0.954460
18 94 0.951674
18 95 0.949689
18 96 0.948427
18 97 0.948147
18 98 0.948763
18 99 0.950531
18 100 0.953362
19 51 0.053005
19 52 0.105936
19 53 0.158706
19 54 0.211242
19 55 0.263435
19 56 0.315202
19 57 0.366400
19 58 0.416928
19 59 0.466599
19 60 0.515286
19 61 0.562757
19 62 0.608854
19 63 0.653300
19 64 0.695918
19 65 0.736402
19 66 0.774575
19 67 0.810132
19 68 0.842937
19 69 0.872727
19 70 0.899449
19 71 0.922928
19 72 0.943232
19 73 0.960297
19 74 0.974320
19 75 0.985341
19 76 0.993666
19 77 0.999406
19 78 1.002934
19 79 1.004389
19 80 1.004169
19 81 1.002405
19 82 0.999488
19 83 0.995520
19 84 0.990869
19 85 0.985598
19 86 0.980044
19 87 0.974233
19 88 0.968475
19 89 0.962760
19 90 0.957375
19 91 0.952281
19 92 0.947749
19 93 0.943716
19 94 0.940440
19 95 0.937844
19 96 0.936175
19 97 0.935347
19 98 0.935603
19 99 0.936849
19 100 0.939329
20 51 0.053843
20 52 0.107617
20 53 0.161262
20 54 0.214690
20 55 0.267834
20 56 0.320575
20 57 0.372827
20 58 0.424428
20 59 0.475261
20 60 0.525112
20 61 0.573823
20 62 0.621123
20 63 0.666815
20 64 0.710575
20 65 0.752182
20 66 0.791284
20 67 0.827673
20 68 0.861017
20 69 0.891172
20 70 0.917885
20 71 0.941140
20 72 0.960814
20 73 0.977047
20 74 0.989859
20 75 0.999541
20 76 1.006223
20 77 1.010296
20 78 1.011944
20 79 1.011601
20 80 1.009452
20 81 1.005925
20 82 1.001171
20 83 0.995587
20 84 0.989276
20 85 0.982594
20 86 0.975594
20 87 0.968597
20 88 0.961608
20 89 0.954920
20 90 0.948500
20 91 0.942619
20 92 0.937216
20 93 0.932546
20 94 0.928528
20 95 0.925405
20 96 0.923084
20 97 0.921800
20 98 0.921452
20 99 0.922272
20 100 0.924157
21 51 0.054748
21 52 0.109447
21 53 0.164035
21 54 0.218460
21 55 0.272636
21 56 0.326493
21 57 0.379904
21 58 0.432770
21 59 0.484906
21 60 0.536168
21 61 0.586302
21 62 0.635110
21 63 0.682263
21 64 0.727511
21 65 0.770466
21 66 0.810852
21 67 0.848260
21 68 0.882447
21 69 0.913058
21 70 0.939960
21 71 0.962935
21 72 0.982032
21 73 0.997217
21 74 1.008743
21 75 1.016741
21 76 1.021619
21 77 1.023610
21 78 1.023192
21 79 1.020619
21 80 1.016374
21 81 1.010672
21 82 1.003957
21 83 0.996382
21 84 0.988338
21 85 0.979910
21 86 0.971439
21 87 0.962952
21 88 0.954749
21 89 0.946810
21 90 0.939403
21 91 0.932476
21 92 0.926275
21 93 0.920722
21 94 0.916049
21 95 0.912164
21 96 0.909287
21 97 0.907315
21 98 0.906466
21 99 0.906630
21 100 0.908021
22 51 0.055712
22 52 0.111388
22 53 0.166997
22 54 0.222481
22 55 0.277799
22 56 0.332859
22 57 0.387589
22 58 0.441844
22 59 0.495505
22 60 0.548353
22 61 0.600205
22 62 0.650751
22 63 0.699731
22 64 0.746741
22 65 0.791453
22 66 0.833396
22 67 0.872219
22 68 0.907453
22 69 0.938820
22 70 0.965963
22 71 0.988790
22 72 1.007162
22 73 1.021248
22 74 1.031152
22 75 1.037278
22 76 1.039903
22 77 1.039563
22 78 1.036594
22 79 1.031556
22 80 1.024752
22 81 1.016693
22 82 1.007603
22 83 0.997920
22 84 0.987782
22 85 0.977555
22 86 0.967298
22 87 0.957321
22 88 0.947624
22 89 0.938473
22 90 0.929826
22 91 0.921921
22 92 0.914684
22 93 0.908337
22 94 0.902784
22 95 0.898235
22 96 0.894584
22 97 0.892032
22 98 0.890466
22 99 0.890085
22 100 0.890769
23 51 0.056713
23 52 0.113415
23 53 0.170083
23 54 0.226703
23 55 0.283222
23 56 0.339605
23 57 0.395751
23 58 0.451579
23 59 0.506918
23 60 0.561621
23 61 0.615415
23 62 0.668062
23 63 0.719169
23 64 0.768389
23 65 0.815210
23 66 0.859197
23 67 0.899767
23 68 0.936481
23 69 0.968806
23 70 0.996451
23 71 1.019100
23 72 1.036765
23 73 1.049460
23 74 1.057543
23 75 1.061315
23 76 1.061370
23 77 1.058144
23 78 1.052300
23 79 1.044259
23 80 1.034632
23 81 1.023744
23 82 1.012102
23 83 0.999915
23 84 0.987589
23 85 0.975229
23 86 0.963162
23 87 0.951410
23 88 0.940245
23 89 0.929633
23 90 0.919808
23 91 0.910697
23 92 0.902512
23 93 0.895157
23 94 0.888826
23 95 0.883410
23 96 0.879096
23 97 0.875765
23 98 0.873599
23 99 0.872474
23 100 0.872570
24 51 0.057732
24 52 0.115475
24 53 0.173243
24 54 0.231025
24 55 0.288824
24 56 0.346590
24 57 0.404288
24 58 0.461805
24 59 0.519044
24 60 0.575796
24 61 0.631866
24 62 0.686912
24 63 0.740603
24 64 0.792435
24 65 0.841926
24 66 0.888414
24 67 0.931312
24 68 0.969897
24 69 1.003629
24 70 1.031934
24 71 1.054566
24 72 1.071338
24 73 1.082474
24 74 1.088244
24 75 1.089274
24 76 1.086116
24 77 1.079563
24 78 1.070201
24 79 1.058782
24 80 1.045775
24 81 1.031794
24 82 1.017147
24 83 1.002306
24 84 0.987431
24 85 0.972882
24 86 0.958710
24 87 0.945194
24 88 0.932314
24 89 0.920297
24 90 0.909075
24 91 0.898846
24 92 0.889512
24 93 0.881254
24 94 0.873955
24 95 0.867789
24 96 0.862627
24 97 0.858639
24 98 0.855691
24 99 0.853950
24 100 0.853277
25 51 0.058741
25 52 0.117526
25 53 0.176388
25 54 0.235365
25 55 0.294460
25 56 0.353690
25 57 0.413006
25 58 0.472373
25 59 0.531657
25 60 0.590734
25 61 0.649342
25 62 0.707212
25 63 0.763898
25 64 0.818935
25 65 0.871645
25 66 0.921350
25 67 0.967170
25 68 1.008310
25 69 1.043878
25 70 1.073251
25 71 1.095890
25 72 1.111721
25 73 1.120853
25 74 1.123872
25 75 1.121423
25 76 1.114461
25 77 1.103792
25 78 1.090378
25 79 1.074894
25 80 1.058122
25 81 1.040512
25 82 1.022633
25 83 1.004730
25 84 0.987207
25 85 0.970157
25 86 0.953870
25 87 0.938343
25 88 0.923797
25 89 0.910166
25 90 0.897634
25 91 0.886100
25 92 0.875727
25 93 0.866391
25 94 0.858248
25 95 0.851163
25 96 0.845285
25 97 0.840474
25 98 0.836879
25 99 0.834356
25 100 0.833052
26 51 0.059714
26 52 0.119502
26 53 0.179440
26 54 0.239585
26 55 0.300001
26 56 0.360705
26 57 0.421729
26 58 0.483023
26 59 0.544548
26 60 0.606143
26 61 0.667639
26 62 0.728698
26 63 0.788941
26 64 0.847760
26 65 0.904484
26 66 0.958170
26 67 1.007839
26 68 1.052295
26 69 1.090468
26 70 1.121300
26 71 1.144181
26 72 1.158804
26 73 1.165520
26 74 1.164970
26 75 1.158272
26 76 1.146515
26 77 1.130970
26 78 1.112624
26 79 1.092514
26 80 1.071308
26 81 1.049730
26 82 1.028143
26 83 1.007020
26 84 0.986510
26 85 0.966923
26 86 0.948272
26 87 0.930775
26 88 0.914365
26 89 0.899209
26 90 0.885197
26 91 0.872474
26 92 0.860904
26 93 0.850623
26 94 0.841484
26 95 0.833619
26 96 0.826876
26 97 0.821385
26 98 0.816995
26 99 0.813836
26 100 0.811753
27 51 0.060613
27 52 0.121341
27 53 0.182287
27 54 0.243565
27 55 0.305253
27 56 0.367447
27 57 0.430181
27 58 0.493504
27 59 0.557368
27 60 0.621724
27 61 0.686375
27 62 0.751088
27 63 0.815408
27 64 0.878785
27 65 0.940360
27 66 0.999125
27 67 1.053720
27 68 1.102693
27 69 1.144398
27 70 1.177446
27 71 1.200731
27 72 1.213953
27 73 1.217452
27 74 1.212389
27 75 1.200181
27 76 1.182545
27 77 1.160948
27 78 1.136838
27 79 1.111229
27 80 1.085085
27 81 1.058956
27 82 1.033418
27 83 1.008697
27 84 0.985131
27 85 0.962754
27 86 0.941774
27 87 0.922121
27 88 0.903940
27 89 0.887108
27 90 0.871742
27 91 0.857693
27 92 0.845070
27 93 0.833712
27 94 0.823727
27 95 0.814952
27 96 0.807496
27 97 0.801196
27 98 0.796164
27 99 0.792238
27 100 0.789531
28 51 0.061406
28 52 0.122962
28 53 0.184825
28 54 0.247133
28 55 0.310036
28 56 0.373647
28 57 0.438096
28 58 0.503443
28 59 0.569761
28 60 0.637009
28 61 0.705127
28 62 0.773871
28 63 0.842909
28 64 0.911612
28 65 0.979151
28 66 1.044251
28 67 1.105340
28 68 1.160359
28 69 1.207116
28 70 1.243356
28 71 1.267487
28 72 1.278826
28 73 1.278105
28 74 1.266955
28 75 1.247692
28 76 1.222537
28 77 1.193627
28 78 1.162551
28 79 1.130680
28 80 1.098849
28 81 1.067805
28 82 1.037878
28 83 1.009446
28 84 0.982564
28 85 0.957426
28 86 0.933948
28 87 0.912243
28 88 0.892166
28 89 0.873798
28 90 0.856968
28 91 0.841751
28 92 0.827969
28 93 0.815698
28 94 0.804760
28 95 0.795240
28 96 0.786961
28 97 0.780014
28 98 0.774228
28 99 0.769697
28 100 0.766252
29 51 0.062047
29 52 0.124291
29 53 0.186919
29 54 0.250133
29 55 0.314111
29 56 0.379052
29 57 0.445111
29 58 0.512467
29 59 0.581224
29 60 0.651493
29 61 0.723254
29 62 0.796440
29 63 0.870746
29 64 0.945696
29 65 1.020380
29 66 1.093492
29 67 1.163029
29 68 1.226406
29 69 1.280349
29 70 1.321505
29 71 1.347037
29 72 1.355901
29 73 1.349186
29 74 1.329790
29 75 1.301096
29 76 1.266455
29 77 1.228473
29 78 1.189246
29 79 1.150091
29 80 1.112027
29 81 1.075538
29 82 1.041055
29 83 1.008647
29 84 0.978478
29 85 0.950437
29 86 0.924584
29 87 0.900737
29 88 0.878927
29 89 0.858949
29 90 0.840833
29 91 0.824375
29 92 0.809613
29 93 0.796350
29 94 0.784638
29 95 0.774285
29 96 0.765358
29 97 0.757672
29 98 0.751302
29 99 0.746069
29 100 0.742055
30 51 0.062499
30 52 0.125234
30 53 0.188447
30 54 0.252370
30 55 0.317257
30 56 0.383337
30 57 0.450875
30 58 0.520089
30 59 0.591233
30 60 0.664484
30 61 0.740025
30 62 0.817888
30 63 0.898020
30 64 0.980048
30 65 1.063273
30 66 1.146309
30 67 1.226982
30 68 1.301889
30 69 1.366483
30 70 1.415277
30 71 1.443384
30 72 1.448554
30 73 1.433090
30 74 1.401923
30 75 1.360604
30 76 1.313713
30 77 1.264736
30 78 1.215868
30 79 1.168595
30 80 1.123630
30 81 1.081463
30 82 1.042158
30 83 1.005818
30 84 0.972266
30 85 0.941481
30 86 0.913215
30 87 0.887426
30 88 0.863856
30 89 0.842476
30 90 0.823042
30 91 0.805546
30 92 0.789760
30 93 0.775701
30 94 0.763155
30 95 0.752159
30 96 0.742514
30 97 0.734270
30 98 0.727238
30 99 0.721480
30 100 0.716815
31 51 0.062716
31 52 0.125712
31 53 0.189265
31 54 0.253668
31 55 0.319208
31 56 0.386204
31 57 0.454961
31 58 0.525831
31 59 0.599136
31 60 0.675247
31 61 0.754473
31 62 0.837138
31 63 0.923400
31 64 1.013283
31 65 1.106355
31 66 1.201579
31 67 1.296702
31 68 1.387785
31 69 1.468416
31 70 1.529850
31 71 1.562666
31 72 1.561967
31 73 1.532699
31 74 1.484345
31 75 1.425686
31 76 1.363213
31 77 1.300890
31 78 1.241064
31 79 1.184793
31 80 1.132617
31 81 1.084527
31 82 1.040492
31 83 1.000201
31 84 0.963492
31 85 0.930005
31 86 0.899586
31 87 0.871894
31 88 0.846820
31 89 0.824059
31 90 0.803544
31 91 0.785007
31 92 0.768419
31 93 0.753538
31 94 0.740365
31 95 0.728683
31 96 0.718513
31 97 0.709655
31 98 0.702147
31 99 0.695799
31 100 0.690662
32 51 0.062659
32 52 0.125634
32 53 0.189249
32 54 0.253829
32 55 0.319731
32 56 0.387310
32 57 0.456976
32 58 0.529138
32 59 0.604283
32 60 0.682894
32 61 0.765546
32 62 0.852790
32 63 0.945231
32 64 1.043329
32 65 1.147364
32 66 1.256953
32 67 1.370548
32 68 1.484135
32 69 1.589644
32 70 1.673042
32 71 1.715569
32 72 1.703950
32 73 1.651515
32 74 1.577071
32 75 1.494719
32 76 1.412561
32 77 1.334699
32 78 1.262706
32 79 1.197064
32 80 1.137516
32 81 1.083717
32 82 1.035082
32 83 0.991194
32 84 0.951498
32 85 0.915665
32 86 0.883228
32 87 0.853958
32 88 0.827470
32 89 0.803614
32 90 0.782069
32 91 0.762746
32 92 0.745370
32 93 0.729897
32 94 0.716086
32 95 0.703927
32 96 0.693202
32 97 0.683925
32 98 0.675896
32 99 0.669145
32 100 0.663482
33 51 0.062287
33 52 0.124926
33 53 0.188268
33 54 0.252691
33 55 0.318578
33 56 0.386363
33 57 0.456495
33 58 0.529507
33 59 0.605963
33 60 0.686554
33 61 0.772028
33 62 0.863308
33 63 0.961404
33 64 1.067510
33 65 1.182819
33 66 1.308397
33 67 1.444404
33 68 1.588647
33 69 1.732981
33 70 1.857197
33 71 1.922618
33 72 1.886852
33 73 1.792341
33 74 1.677826
33 75 1.563556
33 76 1.457751
33 77 1.362638
33 78 1.278148
33 79 1.203240
33 80 1.136830
33 81 1.077745
33 82 1.025100
33 83 0.977996
33 84 0.935828
33 85 0.897928
33 86 0.863901
33 87 0.833241
33 88 0.805693
33 89 0.780860
33 90 0.758583
33 91 0.738539
33 92 0.720634
33 93 0.704595
33 94 0.690376
33 95 0.677737
33 96 0.666666
33 97 0.656948
33 98 0.648592
33 99 0.641401
33 100 0.635399
34 51 0.061569
34 52 0.123514
34 53 0.186222
34 54 0.250089
34 55 0.315553
34 56 0.383068
34 57 0.453169
34 58 0.526430
34 59 0.603554
34 60 0.685329
34 61 0.772756
34 62 0.867011
34 63 0.969627
34 64 1.082490
34 65 1.208072
34 66 1.349412
34 67 1.510097
34 68 1.693069
34 69 1.896512
34 70 2.100149
34 71 2.230937
34 72 2.128499
34 73 1.953269
34 74 1.778336
34 75 1.624044
34 76 1.492248
34 77 1.380088
34 78 1.284008
34 79 1.201067
34 80 1.128819
34 81 1.065492
34 82 1.009579
34 83 0.960036
34 84 0.915888
34 85 0.876502
34 86 0.841206
34 87 0.809603
34 88 0.781200
34 89 0.755749
34 90 0.732865
34 91 0.712397
34 92 0.694033
34 93 0.677683
34 94 0.663085
34 95 0.650193
34 96 0.638777
34 97 0.628823
34 98 0.620124
34 99 0.612685
34 100 0.606315
35 51 0.060476
35 52 0.121349
35 53 0.183017
35 54 0.245911
35 55 0.310475
35 56 0.377217
35 57 0.446684
35 58 0.519530
35 59 0.596493
35 60 0.678501
35 61 0.766655
35 62 0.862407
35 63 0.967604
35 64 1.084809
35 65 1.217567
35 66 1.371145
35 67 1.553505
35 68 1.777086
35 69 2.059849
35 70 2.416014
35 71 2.772480
35 72 2.443014
35 73 2.113900
35 74 1.858301
35 75 1.662038
35 76 1.507225
35 77 1.381458
35 78 1.276862
35 79 1.188202
35 80 1.112034
35 81 1.045825
35 82 0.987847
35 83 0.936679
35 84 0.891357
35 85 0.850987
35 86 0.814996
35 87 0.782766
35 88 0.753942
35 89 0.728069
35 90 0.704924
35 91 0.684152
35 92 0.665614
35 93 0.649020
35 94 0.634288
35 95 0.621172
35 96 0.609630
35 97 0.599444
35 98 0.590600
35 99 0.582900
35 100 0.576347
36 51 0.058992
36 52 0.118387
36 53 0.178601
36 54 0.240061
36 55 0.303241
36 56 0.368642
36 57 0.436849
36 58 0.508512
36 59 0.584427
36 60 0.665525
36 61 0.753003
36 62 0.848358
36 63 0.953625
36 64 1.071575
36 65 1.206297
36 66 1.364096
36 67 1.555748
36 68 1.801921
36 69 2.149837
36 70 2.731579
36 71 4.000000
36 72 2.757178
36 73 2.201090
36 74 1.878930
36 75 1.658679
36 76 1.493156
36 77 1.361771
36 78 1.253780
36 79 1.162974
36 80 1.085291
36 81 1.018070
36 82 0.959305
36 83 0.907629
36 84 0.861873
36 85 0.821258
36 86 0.785023
36 87 0.752694
36 88 0.723732
36 89 0.697840
36 90 0.674611
36 91 0.653856
36 92 0.635252
36 93 0.618682
36 94 0.603877
36 95 0.590769
36 96 0.579128
36 97 0.568917
36 98 0.559932
36 99 0.552161
36 100 0.545416
37 51 0.057106
37 52 0.114615
37 53 0.172938
37 54 0.232510
37 55 0.293787
37 56 0.357285
37 57 0.423559
37 58 0.493274
37 59 0.567178
37 60 0.646207
37 61 0.731476
37 62 0.824441
37 63 0.926965
37 64 1.041616
37 65 1.171953
37 66 1.323246
37 67 1.503469
37 68 1.725064
37 69 2.006000
37 70 2.360496
37 71 2.715459
37 72 2.384648
37 73 2.054353
37 74 1.797727
37 75 1.600592
37 76 1.445048
37 77 1.318691
37 78 1.213629
37 79 1.124623
37 80 1.048212
37 81 0.981859
37 82 0.923815
37 83 0.872657
37 84 0.827400
37 85 0.787147
37 86 0.751304
37 87 0.719253
37 88 0.690619
37 89 0.664947
37 90 0.641995
37 91 0.621408
37 92 0.603032
37 93 0.586577
37 94 0.571948
37 95 0.558899
37 96 0.547375
37 97 0.537163
37 98 0.528233
37 99 0.520396
37 100 0.513640
38 51 0.054819
38 52 0.110030
38 53 0.166036
38 54 0.223253
38 55 0.282132
38 56 0.343150
38 57 0.406856
38 58 0.473846
38 59 0.544839
38 60 0.620649
38 61 0.702290
38 62 0.790966
38 63 0.888222
38 64 0.995972
38 65 1.116698
38 66 1.253465
38 67 1.409866
38 68 1.588865
38 69 1.788645
38 70 1.988948
38 71 2.116721
38 72 2.011603
38 73 1.834008
38 74 1.657032
38 75 1.500996
38 76 1.367753
38 77 1.254414
38 78 1.157420
38 79 1.073791
38 80 1.001076
38 81 0.937463
38 82 0.881440
38 83 0.831918
38 84 0.787921
38 85 0.748770
38 86 0.713792
38 87 0.682547
38 88 0.654543
38 89 0.629492
38 90 0.607012
38 91 0.586913
38 92 0.568889
38 93 0.552815
38 94 0.538437
38 95 0.525675
38 96 0.514311
38 97 0.504298
38 98 0.495443
38 99 0.487721
38 100 0.480957
39 51 0.052140
39 52 0.104656
39 53 0.157925
39 54 0.212348
39 55 0.268338
39 56 0.326350
39 57 0.386867
39 58 0.450444
39 59 0.517682
39 60 0.589294
39 61 0.666068
39 62 0.748949
39 63 0.838986
39 64 0.937393
39 65 1.045402
39 66 1.164094
39 67 1.293666
39 68 1.431928
39 69 1.570766
39 70 1.689968
39 71 1.750876
39 72 1.711082
39 73 1.613042
39 74 1.495465
39 75 1.378605
39 76 1.270640
39 77 1.173793
39 78 1.087944
39 79 1.012044
39 80 0.944949
39 81 0.885478
39 82 0.832683
39 83 0.785656
39 84 0.743726
39 85 0.706222
39 86 0.672682
39 87 0.642600
39 88 0.615659
39 89 0.591465
39 90 0.569798
39 91 0.550342
39 92 0.532950
39 93 0.517357
39 94 0.503466
39 95 0.491052
39 96 0.480054
39 97 0.470275
39 98 0.461678
39 99 0.454088
39 100 0.447486
40 51 0.049090
40 52 0.098528
40 53 0.148670
40 54 0.199877
40 55 0.252537
40 56 0.307044
40 57 0.363840
40 58 0.423380
40 59 0.486180
40 60 0.552776
40 61 0.623772
40 62 0.699775
40 63 0.781415
40 64 0.869212
40 65 0.963464
40 66 1.063844
40 67 1.168816
40 68 1.274414
40 69 1.372566
40 70 1.449280
40 71 1.485777
40 72 1.468808
40 73 1.411670
40 74 1.333181
40 75 1.247392
40 76 1.162407
40 77 1.082260
40 78 1.008519
40 79 0.941588
40 80 0.881198
40 81 0.826922
40 82 0.778160
40 83 0.734410
40 84 0.695106
40 85 0.659832
40 86 0.628115
40 87 0.599643
40 88 0.574029
40 89 0.551045
40 90 0.530372
40 91 0.511849
40 92 0.495210
40 93 0.480341
40 94 0.467017
40 95 0.455161
40 96 0.444577
40 97 0.435217
40 98 0.426906
40 99 0.419615
40 100 0.413187
41 51 0.045691
41 52 0.091701
41 53 0.138349
41 54 0.185967
41 55 0.234887
41 56 0.285469
41 57 0.338069
41 58 0.393079
41 59 0.450881
41 60 0.511886
41 61 0.576471
41 62 0.644995
41 63 0.717689
41 64 0.794610
41 65 0.875397
41 66 0.959037
41 67 1.043341
41 68 1.124384
41 69 1.195805
41 70 1.248852
41 71 1.274143
41 72 1.266752
41 73 1.231648
41 74 1.178258
41 75 1.115373
41 76 1.049407
41 77 0.984320
41 78 0.922367
41 79 0.864590
41 80 0.811427
41 81 0.762853
41 82 0.718726
41 83 0.678720
41 84 0.642564
41 85 0.609884
41 86 0.580420
41 87 0.553827
41 88 0.529891
41 89 0.508312
41 90 0.488925
41 91 0.471472
41 92 0.455831
41 93 0.441780
41 94 0.429233
41 95 0.417997
41 96 0.408013
41 97 0.399110
41 98 0.391250
41 99 0.384280
41 100 0.378177
42 51 0.041977
42 52 0.084237
42 53 0.127067
42 54 0.170752
42 55 0.215591
42 56 0.261874
42 57 0.309908
42 58 0.359984
42 59 0.412401
42 60 0.467416
42 61 0.525257
42 62 0.586044
42 63 0.649767
42 64 0.716142
42 65 0.784509
42 66 0.853566
42 67 0.921164
42 68 0.983975
42 69 1.037455
42 70 1.076179
42 71 1.095233
42 72 1.092411
42 73 1.069961
42 74 1.032831
42 75 0.986495
42 76 0.935530
42 77 0.883318
42 78 0.832039
42 79 0.783059
42 80 0.737067
42 81 0.694425
42 82 0.655172
42 83 0.619277
42 84 0.586545
42 85 0.556824
42 86 0.529853
42 87 0.505463
42 88 0.483396
42 89 0.463502
42 90 0.445543
42 91 0.429399
42 92 0.414861
42 93 0.401836
42 94 0.390139
42 95 0.379704
42 96 0.370367
42 97 0.362083
42 98 0.354704
42 99 0.348201
42 100 0.342440
43 51 0.037980
43 52 0.076207
43 53 0.114929
43 54 0.154395
43 55 0.194850
43 56 0.236542
43 57 0.279704
43 58 0.324568
43 59 0.371325
43 60 0.420142
43 61 0.471097
43 62 0.524181
43 63 0.579194
43 64 0.635712
43 65 0.692930
43 66 0.749586
43 67 0.803774
43 68 0.852930
43 69 0.893863
43 70 0.923212
43 71 0.938201
43 72 0.937740
43 73 0.922954
43 74 0.896660
43 75 0.862248
43 76 0.822958
43 77 0.781382
43 78 0.739479
43 79 0.698540
43 80 0.659433
43 81 0.622609
43 82 0.588342
43 83 0.556672
43 84 0.527607
43 85 0.501013
43 86 0.476800
43 87 0.454777
43 88 0.434829
43 89 0.416755
43 90 0.400450
43 91 0.385722
43 92 0.372484
43 93 0.360564
43 94 0.349892
43 95 0.340314
43 96 0.331780
43 97 0.324152
43 98 0.317394
43 99 0.311381
43 100 0.306091
44 51 0.033736
44 52 0.067683
44 53 0.102052
44 54 0.137049
44 55 0.172881
44 56 0.209740
44 57 0.247814
44 58 0.287258
44 59 0.328207
44 60 0.370729
44 61 0.414831
44 62 0.460389
44 63 0.507140
44 64 0.554581
44 65 0.601941
44 66 0.648073
44 67 0.691445
44 68 0.730110
44 69 0.761885
44 70 0.784607
44 71 0.796654
44 72 0.797396
44 73 0.787497
44 74 0.768606
44 75 0.742929
44 76 0.712673
44 77 0.679830
44 78 0.645956
44 79 0.612254
44 80 0.579516
44 81 0.548307
44 82 0.518916
44 83 0.491539
44 84 0.466196
44 85 0.442903
44 86 0.421558
44 87 0.402103
44 88 0.384387
44 89 0.368332
44 90 0.353779
44 91 0.340649
44 92 0.328791
44 93 0.318139
44 94 0.308551
44 95 0.299977
44 96 0.292288
44 97 0.285449
44 98 0.279340
44 99 0.273939
44 100 0.269136
45 51 0.029283
45 52 0.058741
45 53 0.088548
45 54 0.118876
45 55 0.149886
45 56 0.181734
45 57 0.214552
45 58 0.248457
45 59 0.283515
45 60 0.319753
45 61 0.357107
45 62 0.395425
45 63 0.434397
45 64 0.473552
45 65 0.512182
45 66 0.549345
45 67 0.583823
45 68 0.614205
45 69 0.638963
45 70 0.656707
45 71 0.666412
45 72 0.667727
45 73 0.661031
45 74 0.647381
45 75 0.628189
45 76 0.605021
45 77 0.579309
45 78 0.552316
45 79 0.525003
45 80 0.498129
45 81 0.472186
45 82 0.447542
45 83 0.424371
45 84 0.402806
45 85 0.382846
45 86 0.364501
45 87 0.347688
45 88 0.332363
45 89 0.318408
45 90 0.305765
45 91 0.294306
45 92 0.283975
45 93 0.274650
45 94 0.266281
45 95 0.258755
45 96 0.252035
45 97 0.246014
45 98 0.240667
45 99 0.235897
45 100 0.231685
46 51 0.024654
46 52 0.049450
46 53 0.074528
46 54 0.100021
46 55 0.126061
46 56 0.152758
46 57 0.180216
46 58 0.208502
46 59 0.237657
46 60 0.267661
46 61 0.298437
46 62 0.329806
46 63 0.361488
46 64 0.393048
46 65 0.423909
46 66 0.453302
46 67 0.480320
46 68 0.503925
46 69 0.523079
46 70 0.536845
46 71 0.544588
46 72 0.546070
46 73 0.541554
46 74 0.531697
46 75 0.517463
46 76 0.499912
46 77 0.480114
46 78 0.458995
46 79 0.437362
46 80 0.415811
46 81 0.394822
46 82 0.374693
46 83 0.355656
46 84 0.337810
46 85 0.321235
46 86 0.305914
46 87 0.291850
46 88 0.278969
46 89 0.267240
46 90 0.256566
46 91 0.246905
46 92 0.238155
46 93 0.230276
46 94 0.223170
46 95 0.216802
46 96 0.211081
46 97 0.205981
46 98 0.201418
46 99 0.197372
46 100 0.193766
47 51 0.019885
47 52 0.039880
47 53 0.060092
47 54 0.080626
47 55 0.101576
47 56 0.123030
47 57 0.145051
47 58 0.167688
47 59 0.190950
47 60 0.214810
47 61 0.239174
47 62 0.263889
47 63 0.288700
47 64 0.313262
47 65 0.337103
47 66 0.359652
47 67 0.380231
47 68 0.398116
47 69 0.412585
47 70 0.423030
47 71 0.429025
47 72 0.430437
47 73 0.427419
47 74 0.420418
47 75 0.410056
47 76 0.397085
47 77 0.382239
47 78 0.366228
47 79 0.349638
47 80 0.332974
47 81 0.316597
47 82 0.300799
47 83 0.285752
47 84 0.271593
47 85 0.258369
47 86 0.246123
47 87 0.234828
47 88 0.224480
47 89 0.215017
47 90 0.206413
47 91 0.198592
47 92 0.191524
47 93 0.185129
47 94 0.179380
47 95 0.174202
47 96 0.169569
47 97 0.165412
47 98 0.161713
47 99 0.158407
47 100 0.155481
48 51 0.015006
48 52 0.030092
48 53 0.045337
48 54 0.060815
48 55 0.076594
48 56 0.092733
48 57 0.109277
48 58 0.126250
48 59 0.143654
48 60 0.161453
48 61 0.179572
48 62 0.197876
48 63 0.216174
48 64 0.234195
48 65 0.251602
48 66 0.267975
48 67 0.282849
48 68 0.295724
48 69 0.306131
48 70 0.313664
48 71 0.318064
48 72 0.319236
48 73 0.317289
48 74 0.312498
48 75 0.305285
48 76 0.296131
48 77 0.285557
48 78 0.274040
48 79 0.262021
48 80 0.249851
48 81 0.237828
48 82 0.226154
48 83 0.214997
48 84 0.204443
48 85 0.194567
48 86 0.185381
48 87 0.176904
48 88 0.169106
48 89 0.161980
48 90 0.155476
48 91 0.149574
48 92 0.144218
48 93 0.139386
48 94 0.135021
48 95 0.131104
48 96 0.127581
48 97 0.124435
48 98 0.121616
48 99 0.119113
48 100 0.116878
49 51 0.010047
49 52 0.020147
49 53 0.030350
49 54 0.040705
49 55 0.051254
49 56 0.062035
49 57 0.073074
49 58 0.084386
49 59 0.095964
49 60 0.107783
49 61 0.119784
49 62 0.131876
49 63 0.143925
49 64 0.155754
49 65 0.167135
49 66 0.177806
49 67 0.187466
49 68 0.195813
49 69 0.202551
49 70 0.207445
49 71 0.210333
49 72 0.211167
49 73 0.210005
49 74 0.207019
49 75 0.202455
49 76 0.196618
49 77 0.189820
49 78 0.182376
49 79 0.174556
49 80 0.166606
49 81 0.158709
49 82 0.151020
49 83 0.143638
49 84 0.136645
49 85 0.130075
49 86 0.123961
49 87 0.118299
49 88 0.113095
49 89 0.108322
49 90 0.103972
49 91 0.100011
49 92 0.096425
49 93 0.093176
49 94 0.090252
49 95 0.087614
49 96 0.085252
49 97 0.083131
49 98 0.081241
49 99 0.079550
49 100 0.078051
50 51 0.005036
50 52 0.010099
50 53 0.015212
50 54 0.020400
50 55 0.025683
50 56 0.031080
50 57 0.036603
50 58 0.042256
50 59 0.048038
50 60 0.053932
50 61 0.059909
50 62 0.065921
50 63 0.071901
50 64 0.077759
50 65 0.083386
50 66 0.088649
50 67 0.093406
50 68 0.097509
50 69 0.100823
50 70 0.103232
50 71 0.104665
50 72 0.105095
50 73 0.104555
50 74 0.103120
50 75 0.100910
50 76 0.098066
50 77 0.094743
50 78 0.091087
50 79 0.087238
50 80 0.083309
50 81 0.079399
50 82 0.075580
50 83 0.071910
50 84 0.068423
50 85 0.065147
50 86 0.062089
50 87 0.059260
50 88 0.056652
50 89 0.054264
50 90 0.052080
50 91 0.050096
50 92 0.048294
50 93 0.046666
50 94 0.045195
50 95 0.043873
50 96 0.042683
50 97 0.041620
50 98 0.040667
50 99 0.039820
50 100 0.039063
