0.000000 0.505050 0.000000
0.010101 0.505050 0.044700
0.020202 0.505050 0.089440
0.030303 0.505050 0.134139
0.040404 0.505050 0.178919
0.050505 0.505050 0.223755
0.060606 0.505050 0.268632
0.070707 0.505050 0.313677
0.080808 0.505050 0.358788
0.090909 0.505050 0.403906
0.101010 0.505050 0.449108
0.111111 0.505050 0.494284
0.121212 0.505050 0.539480
0.131313 0.505050 0.584646
0.141414 0.505050 0.629774
0.151515 0.505050 0.674851
0.161616 0.505050 0.719751
0.171717 0.505050 0.764560
0.181818 0.505050 0.809080
0.191919 0.505050 0.853266
0.202020 0.505050 0.897028
0.212121 0.505050 0.940263
0.222222 0.505050 0.982843
0.232323 0.505050 1.024594
0.242424 0.505050 1.065389
0.252525 0.505050 1.105093
0.262626 0.505050 1.143582
0.272727 0.505050 1.180529
0.282828 0.505050 1.215863
0.292929 0.505050 1.249398
0.303030 0.505050 1.280922
0.313131 0.505050 1.310330
0.323232 0.505050 1.337432
0.333333 0.505050 1.361911
0.343434 0.505050 1.383791
0.353535 0.505050 1.402919
0.363636 0.505050 1.419307
0.373737 0.505050 1.432873
0.383838 0.505050 1.443773
0.393939 0.505050 1.451954
0.404040 0.505050 1.457556
0.414141 0.505050 1.460605
0.424242 0.505050 1.461349
0.434343 0.505050 1.459781
0.444444 0.505050 1.456191
0.454545 0.505050 1.450743
0.464646 0.505050 1.443606
0.474747 0.505050 1.434756
0.484848 0.505050 1.424413
0.494949 0.505050 1.412672
0.000000 0.515152 0.000000
0.010101 0.515152 0.044800
0.020202 0.515152 0.089688
0.030303 0.515152 0.134571
0.040404 0.515152 0.179532
0.050505 0.515152 0.224548
0.060606 0.515152 0.269572
0.070707 0.515152 0.314681
0.080808 0.515152 0.359955
0.090909 0.515152 0.405296
0.101010 0.515152 0.450730
0.111111 0.515152 0.496209
0.121212 0.515152 0.541709
0.131313 0.515152 0.587227
0.141414 0.515152 0.632757
0.151515 0.515152 0.678268
0.161616 0.515152 0.723592
0.171717 0.515152 0.768840
0.181818 0.515152 0.813835
0.191919 0.515152 0.858537
0.202020 0.515152 0.902900
0.212121 0.515152 0.946766
0.222222 0.515152 0.990048
0.232323 0.515152 1.032589
0.242424 0.515152 1.074083
0.252525 0.515152 1.114545
0.262626 0.515152 1.153743
0.272727 0.515152 1.191455
0.282828 0.515152 1.227620
0.292929 0.515152 1.261911
0.303030 0.515152 1.294239
0.313131 0.515152 1.324354
0.323232 0.515152 1.352037
0.333333 0.515152 1.377127
0.343434 0.515152 1.399426
0.353535 0.515152 1.418958
0.363636 0.515152 1.435538
0.373737 0.515152 1.449287
0.383838 0.515152 1.460240
0.393939 0.515152 1.468479
0.404040 0.515152 1.473974
0.414141 0.515152 1.476991
0.424242 0.515152 1.477615
0.434343 0.515152 1.476044
0.444444 0.515152 1.472420
0.454545 0.515152 1.466993
0.464646 0.515152 1.459911
0.474747 0.515152 1.451236
0.484848 0.515152 1.441040
0.494949 0.515152 1.429531
0.000000 0.525253 0.000000
0.010101 0.525253 0.044962
0.020202 0.525253 0.089939
0.030303 0.525253 0.134990
0.040404 0.525253 0.180092
0.050505 0.525253 0.225223
0.060606 0.525253 0.270429
0.070707 0.525253 0.315703
0.080808 0.525253 0.361054
0.090909 0.525253 0.406639
0.101010 0.525253 0.452308
0.111111 0.525253 0.498086
0.121212 0.525253 0.543920
0.131313 0.525253 0.589808
0.141414 0.525253 0.635760
0.151515 0.525253 0.681645
0.161616 0.525253 0.727508
0.171717 0.525253 0.773250
0.181818 0.525253 0.818881
0.191919 0.525253 0.864222
0.202020 0.525253 0.909269
0.212121 0.525253 0.953895
0.222222 0.525253 0.997996
0.232323 0.525253 1.041323
0.242424 0.525253 1.083808
0.252525 0.525253 1.125186
0.262626 0.525253 1.165390
0.272727 0.525253 1.204160
0.282828 0.525253 1.241249
0.292929 0.525253 1.276583
0.303030 0.525253 1.309770
0.313131 0.525253 1.340749
0.323232 0.525253 1.369233
0.333333 0.525253 1.394956
0.343434 0.525253 1.417830
0.353535 0.525253 1.437719
0.363636 0.525253 1.454601
0.373737 0.525253 1.468461
0.383838 0.525253 1.479421
0.393939 0.525253 1.487513
0.404040 0.525253 1.492869
0.414141 0.525253 1.495652
0.424242 0.525253 1.496074
0.434343 0.525253 1.494265
0.444444 0.525253 1.490454
0.454545 0.525253 1.484949
0.464646 0.525253 1.477810
0.474747 0.525253 1.469098
0.484848 0.525253 1.458979
0.494949 0.525253 1.447667
0.000000 0.535354 0.000000
0.010101 0.535354 0.045108
0.020202 0.535354 0.090207
0.030303 0.535354 0.135356
0.040404 0.535354 0.180554
0.050505 0.535354 0.225822
0.060606 0.535354 0.271182
0.070707 0.535354 0.316648
0.080808 0.535354 0.362218
0.090909 0.535354 0.407900
0.101010 0.535354 0.453824
0.111111 0.535354 0.499908
0.121212 0.535354 0.546060
0.131313 0.535354 0.592326
0.141414 0.535354 0.638670
0.151515 0.535354 0.685044
0.161616 0.535354 0.731428
0.171717 0.535354 0.777772
0.181818 0.535354 0.824067
0.191919 0.535354 0.870199
0.202020 0.535354 0.916034
0.212121 0.535354 0.961547
0.222222 0.535354 1.006534
0.232323 0.535354 1.050901
0.242424 0.535354 1.094444
0.252525 0.535354 1.137002
0.262626 0.535354 1.178480
0.272727 0.535354 1.218546
0.282828 0.535354 1.256914
0.292929 0.535354 1.293399
0.303030 0.535354 1.327700
0.313131 0.535354 1.359637
0.323232 0.535354 1.389052
0.333333 0.535354 1.415633
0.343434 0.535354 1.439113
0.353535 0.535354 1.459486
0.363636 0.535354 1.476597
0.373737 0.535354 1.490536
0.383838 0.535354 1.501398
0.393939 0.535354 1.509283
0.404040 0.535354 1.514281
0.414141 0.535354 1.516675
0.424242 0.535354 1.516674
0.434343 0.535354 1.514488
0.444444 0.535354 1.510354
0.454545 0.535354 1.504537
0.464646 0.535354 1.497164
0.474747 0.535354 1.488368
0.484848 0.535354 1.478201
0.494949 0.535354 1.466933
0.000000 0.545455 0.000000
0.010101 0.545455 0.045187
0.020202 0.545455 0.090424
0.030303 0.545455 0.135648
0.040404 0.545455 0.180944
0.050505 0.545455 0.226347
0.060606 0.545455 0.271829
0.070707 0.545455 0.317463
0.080808 0.545455 0.363271
0.090909 0.545455 0.409138
0.101010 0.545455 0.455182
0.111111 0.545455 0.501549
0.121212 0.545455 0.548084
0.131313 0.545455 0.594744
0.141414 0.545455 0.641548
0.151515 0.545455 0.688434
0.161616 0.545455 0.735386
0.171717 0.545455 0.782410
0.181818 0.545455 0.829414
0.191919 0.545455 0.876357
0.202020 0.545455 0.923120
0.212121 0.545455 0.969595
0.222222 0.545455 1.015690
0.232323 0.545455 1.061245
0.242424 0.545455 1.106063
0.252525 0.545455 1.150067
0.262626 0.545455 1.192984
0.272727 0.545455 1.234521
0.282828 0.545455 1.274461
0.292929 0.545455 1.312332
0.303030 0.545455 1.347993
0.313131 0.545455 1.381239
0.323232 0.545455 1.411706
0.333333 0.545455 1.439227
0.343434 0.545455 1.463501
0.353535 0.545455 1.484352
0.363636 0.545455 1.501763
0.373737 0.545455 1.515691
0.383838 0.545455 1.526354
0.393939 0.545455 1.533786
0.404040 0.545455 1.538297
0.414141 0.545455 1.540061
0.424242 0.545455 1.539457
0.434343 0.545455 1.536622
0.444444 0.545455 1.531938
0.454545 0.545455 1.525650
0.464646 0.545455 1.517939
0.474747 0.545455 1.508815
0.484848 0.545455 1.498523
0.494949 0.545455 1.487279
0.000000 0.555556 0.000000
0.010101 0.555556 0.045215
0.020202 0.555556 0.090537
0.030303 0.555556 0.135868
0.040404 0.555556 0.181268
0.050505 0.555556 0.226795
0.060606 0.555556 0.272374
0.070707 0.555556 0.318104
0.080808 0.555556 0.364079
0.090909 0.555556 0.410198
0.101010 0.555556 0.456500
0.111111 0.555556 0.503023
0.121212 0.555556 0.549910
0.131313 0.555556 0.597016
0.141414 0.555556 0.644287
0.151515 0.555556 0.691758
0.161616 0.555556 0.739344
0.171717 0.555556 0.787066
0.181818 0.555556 0.834857
0.191919 0.555556 0.882694
0.202020 0.555556 0.930419
0.212121 0.555556 0.978023
0.222222 0.555556 1.025366
0.232323 0.555556 1.072326
0.242424 0.555556 1.118659
0.252525 0.555556 1.164220
0.262626 0.555556 1.208812
0.272727 0.555556 1.252093
0.282828 0.555556 1.293765
0.292929 0.555556 1.333475
0.303030 0.555556 1.370850
0.313131 0.555556 1.405620
0.323232 0.555556 1.437487
0.333333 0.555556 1.466069
0.343434 0.555556 1.491199
0.353535 0.555556 1.512660
0.363636 0.555556 1.530240
0.373737 0.555556 1.544111
0.383838 0.555556 1.554341
0.393939 0.555556 1.561209
0.404040 0.555556 1.564896
0.414141 0.555556 1.565815
0.424242 0.555556 1.564279
0.434343 0.555556 1.560606
0.444444 0.555556 1.555156
0.454545 0.555556 1.548187
0.464646 0.555556 1.539902
0.474747 0.555556 1.530432
0.484848 0.555556 1.519924
0.494949 0.555556 1.508566
0.000000 0.565657 0.000000
0.010101 0.565657 0.045302
0.020202 0.565657 0.090641
0.030303 0.565657 0.136027
0.040404 0.565657 0.181464
0.050505 0.565657 0.227064
0.060606 0.565657 0.272766
0.070707 0.565657 0.318646
0.080808 0.565657 0.364745
0.090909 0.565657 0.411045
0.101010 0.565657 0.457599
0.111111 0.565657 0.504420
0.121212 0.565657 0.551517
0.131313 0.565657 0.599043
0.141414 0.565657 0.646826
0.151515 0.565657 0.694856
0.161616 0.565657 0.743166
0.171717 0.565657 0.791568
0.181818 0.565657 0.840252
0.191919 0.565657 0.889004
0.202020 0.565657 0.937837
0.212121 0.565657 0.986703
0.222222 0.565657 1.035423
0.232323 0.565657 1.083962
0.242424 0.565657 1.132027
0.252525 0.565657 1.179440
0.262626 0.565657 1.225953
0.272727 0.565657 1.271281
0.282828 0.565657 1.315031
0.292929 0.565657 1.356851
0.303030 0.565657 1.396313
0.313131 0.565657 1.433025
0.323232 0.565657 1.466552
0.333333 0.565657 1.496530
0.343434 0.565657 1.522567
0.353535 0.565657 1.544619
0.363636 0.565657 1.562427
0.373737 0.565657 1.576048
0.383838 0.565657 1.585692
0.393939 0.565657 1.591642
0.404040 0.565657 1.594262
0.414141 0.565657 1.593995
0.424242 0.565657 1.591237
0.434343 0.565657 1.586425
0.444444 0.565657 1.579893
0.454545 0.565657 1.572057
0.464646 0.565657 1.563048
0.474747 0.565657 1.553023
0.484848 0.565657 1.542174
0.494949 0.565657 1.530706
0.000000 0.575758 0.000000
0.010101 0.575758 0.045351
0.020202 0.575758 0.090685
0.030303 0.575758 0.136135
0.040404 0.575758 0.181586
0.050505 0.575758 0.227232
0.060606 0.575758 0.272993
0.070707 0.575758 0.318967
0.080808 0.575758 0.365192
0.090909 0.575758 0.411640
0.101010 0.575758 0.458450
0.111111 0.575758 0.505542
0.121212 0.575758 0.553010
0.131313 0.575758 0.600814
0.141414 0.575758 0.649068
0.151515 0.575758 0.697672
0.161616 0.575758 0.746590
0.171717 0.575758 0.795789
0.181818 0.575758 0.845382
0.191919 0.575758 0.895231
0.202020 0.575758 0.945299
0.212121 0.575758 0.995529
0.222222 0.575758 1.045825
0.232323 0.575758 1.096070
0.242424 0.575758 1.146032
0.252525 0.575758 1.195559
0.262626 0.575758 1.244288
0.272727 0.575758 1.292046
0.282828 0.575758 1.338243
0.292929 0.575758 1.382583
0.303030 0.575758 1.424542
0.313131 0.575758 1.463613
0.323232 0.575758 1.499225
0.333333 0.575758 1.530934
0.343434 0.575758 1.558201
0.353535 0.575758 1.580821
0.363636 0.575758 1.598716
0.373737 0.575758 1.611963
0.383838 0.575758 1.620668
0.393939 0.575758 1.625406
0.404040 0.575758 1.626505
0.414141 0.575758 1.624665
0.424242 0.575758 1.620274
0.434343 0.575758 1.613962
0.444444 0.575758 1.606099
0.454545 0.575758 1.597098
0.464646 0.575758 1.587118
0.474747 0.575758 1.576436
0.484848 0.575758 1.565150
0.494949 0.575758 1.553467
0.000000 0.585859 0.000000
0.010101 0.585859 0.045291
0.020202 0.585859 0.090613
0.030303 0.585859 0.136016
0.040404 0.585859 0.181513
0.050505 0.585859 0.227171
0.060606 0.585859 0.273008
0.070707 0.585859 0.319075
0.080808 0.585859 0.365414
0.090909 0.585859 0.412046
0.101010 0.585859 0.459019
0.111111 0.585859 0.506400
0.121212 0.585859 0.554168
0.131313 0.585859 0.602332
0.141414 0.585859 0.650958
0.151515 0.585859 0.700119
0.161616 0.585859 0.749733
0.171717 0.585859 0.799770
0.181818 0.585859 0.850255
0.191919 0.585859 0.901258
0.202020 0.585859 0.952597
0.212121 0.585859 1.004311
0.222222 0.585859 1.056279
0.232323 0.585859 1.108378
0.242424 0.585859 1.160473
0.252525 0.585859 1.212283
0.262626 0.585859 1.263596
0.272727 0.585859 1.314094
0.282828 0.585859 1.363311
0.292929 0.585859 1.410672
0.303030 0.585859 1.455658
0.313131 0.585859 1.497608
0.323232 0.585859 1.535803
0.333333 0.585859 1.569638
0.343434 0.585859 1.598481
0.353535 0.585859 1.621832
0.363636 0.585859 1.639655
0.373737 0.585859 1.652141
0.383838 0.585859 1.659612
0.393939 0.585859 1.662535
0.404040 0.585859 1.661688
0.414141 0.585859 1.657663
0.424242 0.585859 1.651231
0.434343 0.585859 1.642985
0.444444 0.585859 1.633444
0.454545 0.585859 1.622979
0.464646 0.585859 1.611890
0.474747 0.585859 1.600332
0.484848 0.585859 1.588524
0.494949 0.585859 1.576606
0.000000 0.595960 0.000000
0.010101 0.595960 0.045202
0.020202 0.595960 0.090477
0.030303 0.595960 0.135802
0.040404 0.595960 0.181282
0.050505 0.595960 0.226933
0.060606 0.595960 0.272806
0.070707 0.595960 0.318912
0.080808 0.595960 0.365363
0.090909 0.595960 0.412111
0.101010 0.595960 0.459266
0.111111 0.595960 0.506869
0.121212 0.595960 0.554883
0.131313 0.595960 0.603387
0.141414 0.595960 0.652454
0.151515 0.595960 0.702111
0.161616 0.595960 0.752422
0.171717 0.595960 0.803302
0.181818 0.595960 0.854816
0.191919 0.595960 0.906949
0.202020 0.595960 0.959600
0.212121 0.595960 1.012837
0.222222 0.595960 1.066542
0.232323 0.595960 1.120691
0.242424 0.595960 1.175072
0.252525 0.595960 1.229506
0.262626 0.595960 1.283737
0.272727 0.595960 1.337424
0.282828 0.595960 1.390097
0.292929 0.595960 1.441135
0.303030 0.595960 1.489840
0.313131 0.595960 1.535357
0.323232 0.595960 1.576837
0.333333 0.595960 1.613336
0.343434 0.595960 1.644042
0.353535 0.595960 1.668369
0.363636 0.595960 1.686045
0.373737 0.595960 1.697334
0.383838 0.595960 1.702890
0.393939 0.595960 1.703433
0.404040 0.595960 1.699848
0.414141 0.595960 1.693067
0.424242 0.595960 1.683974
0.434343 0.595960 1.673303
0.444444 0.595960 1.661682
0.454545 0.595960 1.649485
0.464646 0.595960 1.637000
0.474747 0.595960 1.624479
0.484848 0.595960 1.612096
0.494949 0.595960 1.599905
0.000000 0.606061 0.000000
0.010101 0.606061 0.045124
0.020202 0.606061 0.090291
0.030303 0.606061 0.135547
0.040404 0.606061 0.180879
0.050505 0.606061 0.226544
0.060606 0.606061 0.272372
0.070707 0.606061 0.318509
0.080808 0.606061 0.365014
0.090909 0.606061 0.411800
0.101010 0.606061 0.459064
0.111111 0.606061 0.506814
0.121212 0.606061 0.555109
0.131313 0.606061 0.603955
0.141414 0.606061 0.653361
0.151515 0.606061 0.703613
0.161616 0.606061 0.754542
0.171717 0.606061 0.806244
0.181818 0.606061 0.858759
0.191919 0.606061 0.911986
0.202020 0.606061 0.966018
0.212121 0.606061 1.020813
0.222222 0.606061 1.076358
0.232323 0.606061 1.132688
0.242424 0.606061 1.189617
0.252525 0.606061 1.246909
0.262626 0.606061 1.304425
0.272727 0.606061 1.361795
0.282828 0.606061 1.418517
0.292929 0.606061 1.473945
0.303030 0.606061 1.527210
0.313131 0.606061 1.577231
0.323232 0.606061 1.622851
0.333333 0.606061 1.662862
0.343434 0.606061 1.695983
0.353535 0.606061 1.721408
0.363636 0.606061 1.738820
0.373737 0.606061 1.748431
0.383838 0.606061 1.751178
0.393939 0.606061 1.748381
0.404040 0.606061 1.741203
0.414141 0.606061 1.730781
0.424242 0.606061 1.718293
0.434343 0.606061 1.704661
0.444444 0.606061 1.690495
0.454545 0.606061 1.676196
0.464646 0.606061 1.662145
0.474747 0.606061 1.648525
0.484848 0.606061 1.635475
0.494949 0.606061 1.623047
0.000000 0.616162 0.000000
0.010101 0.616162 0.045005
0.020202 0.616162 0.090047
0.030303 0.616162 0.135216
0.040404 0.616162 0.180454
0.050505 0.616162 0.225993
0.060606 0.616162 0.271704
0.070707 0.616162 0.317737
0.080808 0.616162 0.364193
0.090909 0.616162 0.411009
0.101010 0.616162 0.458387
0.111111 0.616162 0.506215
0.121212 0.616162 0.554787
0.131313 0.616162 0.603963
0.141414 0.616162 0.653812
0.151515 0.616162 0.704437
0.161616 0.616162 0.755982
0.171717 0.616162 0.808375
0.181818 0.616162 0.861813
0.191919 0.616162 0.916220
0.202020 0.616162 0.971569
0.212121 0.616162 1.028037
0.222222 0.616162 1.085472
0.232323 0.616162 1.144087
0.242424 0.616162 1.203621
0.252525 0.616162 1.264088
0.262626 0.616162 1.325219
0.272727 0.616162 1.386814
0.282828 0.616162 1.448252
0.292929 0.616162 1.508917
0.303030 0.616162 1.567776
0.313131 0.616162 1.623507
0.323232 0.616162 1.674599
0.333333 0.616162 1.719279
0.343434 0.616162 1.755620
0.353535 0.616162 1.782458
0.363636 0.616162 1.799178
0.373737 0.616162 1.806393
0.383838 0.616162 1.805222
0.393939 0.616162 1.797709
0.404040 0.616162 1.785620
0.414141 0.616162 1.770559
0.424242 0.616162 1.753842
0.434343 0.616162 1.736553
0.444444 0.616162 1.719323
0.454545 0.616162 1.702657
0.464646 0.616162 1.686799
0.474747 0.616162 1.671999
0.484848 0.616162 1.658279
0.494949 0.616162 1.645653
0.000000 0.626263 0.000000
0.010101 0.626263 0.044811
0.020202 0.626263 0.089676
0.030303 0.626263 0.134621
0.040404 0.626263 0.179726
0.050505 0.626263 0.225078
0.060606 0.626263 0.270713
0.070707 0.626263 0.316664
0.080808 0.626263 0.363012
0.090909 0.626263 0.409876
0.101010 0.626263 0.457260
0.111111 0.626263 0.505232
0.121212 0.626263 0.553862
0.131313 0.626263 0.603303
0.141414 0.626263 0.653488
0.151515 0.626263 0.704570
0.161616 0.626263 0.756573
0.171717 0.626263 0.809665
0.181818 0.626263 0.863898
0.191919 0.626263 0.919312
0.202020 0.626263 0.975999
0.212121 0.626263 1.033990
0.222222 0.626263 1.093404
0.232323 0.626263 1.154298
0.242424 0.626263 1.216691
0.252525 0.626263 1.280444
0.262626 0.626263 1.345548
0.272727 0.626263 1.411819
0.282828 0.626263 1.478760
0.292929 0.626263 1.545662
0.303030 0.626263 1.611469
0.313131 0.626263 1.674467
0.323232 0.626263 1.732760
0.333333 0.626263 1.783766
0.343434 0.626263 1.824758
0.353535 0.626263 1.853436
0.363636 0.626263 1.869038
0.373737 0.626263 1.872319
0.383838 0.626263 1.865608
0.393939 0.626263 1.851624
0.404040 0.626263 1.833007
0.414141 0.626263 1.811925
0.424242 0.626263 1.789964
0.434343 0.626263 1.768303
0.444444 0.626263 1.747585
0.454545 0.626263 1.728166
0.464646 0.626263 1.710394
0.474747 0.626263 1.694322
0.484848 0.626263 1.679991
0.494949 0.626263 1.667223
0.000000 0.636364 0.000000
0.010101 0.636364 0.044563
0.020202 0.636364 0.089160
0.030303 0.636364 0.133866
0.040404 0.636364 0.178765
0.050505 0.636364 0.223878
0.060606 0.636364 0.269366
0.070707 0.636364 0.315194
0.080808 0.636364 0.361450
0.090909 0.636364 0.408224
0.101010 0.636364 0.455594
0.111111 0.636364 0.503592
0.121212 0.636364 0.552343
0.131313 0.636364 0.601898
0.141414 0.636364 0.652350
0.151515 0.636364 0.703784
0.161616 0.636364 0.756211
0.171717 0.636364 0.809812
0.181818 0.636364 0.864779
0.191919 0.636364 0.921132
0.202020 0.636364 0.979026
0.212121 0.636364 1.038520
0.222222 0.636364 1.099818
0.232323 0.636364 1.163011
0.242424 0.636364 1.228198
0.252525 0.636364 1.295450
0.262626 0.636364 1.364784
0.272727 0.636364 1.436154
0.282828 0.636364 1.509274
0.292929 0.636364 1.583503
0.303030 0.636364 1.657700
0.313131 0.636364 1.730131
0.323232 0.636364 1.798206
0.333333 0.636364 1.858267
0.343434 0.636364 1.906009
0.353535 0.636364 1.937487
0.363636 0.636364 1.950976
0.373737 0.636364 1.948236
0.383838 0.636364 1.933144
0.393939 0.636364 1.910170
0.404040 0.636364 1.882910
0.414141 0.636364 1.854169
0.424242 0.636364 1.825889
0.434343 0.636364 1.799109
0.444444 0.636364 1.774371
0.454545 0.636364 1.752027
0.464646 0.636364 1.732208
0.474747 0.636364 1.714905
0.484848 0.636364 1.699979
0.494949 0.636364 1.687271
0.000000 0.646465 0.000000
0.010101 0.646465 0.044247
0.020202 0.646465 0.088535
0.030303 0.646465 0.132976
0.040404 0.646465 0.177591
0.050505 0.646465 0.222482
0.060606 0.646465 0.267678
0.070707 0.646465 0.313322
0.080808 0.646465 0.359370
0.090909 0.646465 0.406047
0.101010 0.646465 0.453299
0.111111 0.646465 0.501270
0.121212 0.646465 0.550019
0.131313 0.646465 0.599626
0.141414 0.646465 0.650231
0.151515 0.646465 0.701871
0.161616 0.646465 0.754674
0.171717 0.646465 0.808747
0.181818 0.646465 0.864275
0.191919 0.646465 0.921464
0.202020 0.646465 0.980451
0.212121 0.646465 1.041303
0.222222 0.646465 1.104336
0.232323 0.646465 1.169696
0.242424 0.646465 1.237638
0.252525 0.646465 1.308314
0.262626 0.646465 1.381982
0.272727 0.646465 1.458786
0.282828 0.646465 1.538680
0.292929 0.646465 1.621272
0.303030 0.646465 1.705697
0.313131 0.646465 1.790191
0.323232 0.646465 1.871666
0.333333 0.646465 1.945114
0.343434 0.646465 2.003523
0.353535 0.646465 2.039513
0.363636 0.646465 2.049145
0.373737 0.646465 2.036325
0.383838 0.646465 2.008563
0.393939 0.646465 1.972851
0.404040 0.646465 1.934292
0.414141 0.646465 1.896159
0.424242 0.646465 1.860313
0.434343 0.646465 1.827769
0.444444 0.646465 1.798763
0.454545 0.646465 1.773349
0.464646 0.646465 1.751506
0.474747 0.646465 1.733052
0.484848 0.646465 1.717750
0.494949 0.646465 1.705320
0.000000 0.656566 0.000000
0.010101 0.656566 0.043890
0.020202 0.656566 0.087854
0.030303 0.656566 0.131912
0.040404 0.656566 0.176236
0.050505 0.656566 0.220782
0.060606 0.656566 0.265733
0.070707 0.656566 0.311046
0.080808 0.656566 0.356903
0.090909 0.656566 0.403294
0.101010 0.656566 0.450371
0.111111 0.656566 0.498170
0.121212 0.656566 0.546807
0.131313 0.656566 0.596358
0.141414 0.656566 0.646986
0.151515 0.656566 0.698796
0.161616 0.656566 0.751791
0.171717 0.656566 0.806225
0.181818 0.656566 0.862203
0.191919 0.656566 0.919999
0.202020 0.656566 0.979841
0.212121 0.656566 1.041907
0.222222 0.656566 1.106439
0.232323 0.656566 1.173799
0.242424 0.656566 1.244229
0.252525 0.656566 1.318183
0.262626 0.656566 1.396064
0.272727 0.656566 1.478326
0.282828 0.656566 1.565325
0.292929 0.656566 1.657209
0.303030 0.656566 1.753578
0.313131 0.656566 1.853273
0.323232 0.656566 1.953246
0.333333 0.656566 2.047002
0.343434 0.656566 2.123495
0.353535 0.656566 2.167896
0.363636 0.656566 2.169668
0.373737 0.656566 2.139356
0.383838 0.656566 2.091870
0.393939 0.656566 2.038378
0.404040 0.656566 1.985268
0.414141 0.656566 1.935863
0.424242 0.656566 1.891648
0.434343 0.656566 1.852892
0.444444 0.656566 1.819474
0.454545 0.656566 1.791099
0.464646 0.656566 1.767408
0.474747 0.656566 1.748047
0.484848 0.656566 1.732560
0.494949 0.656566 1.720701
0.000000 0.666667 0.000000
0.010101 0.666667 0.043510
0.020202 0.666667 0.087079
0.030303 0.666667 0.130782
0.040404 0.666667 0.174657
0.050505 0.666667 0.218889
0.060606 0.666667 0.263428
0.070707 0.666667 0.308417
0.080808 0.666667 0.353903
0.090909 0.666667 0.399981
0.101010 0.666667 0.446720
0.111111 0.666667 0.494269
0.121212 0.666667 0.542681
0.131313 0.666667 0.592081
0.141414 0.666667 0.642560
0.151515 0.666667 0.694327
0.161616 0.666667 0.747468
0.171717 0.666667 0.802032
0.181818 0.666667 0.858313
0.191919 0.666667 0.916554
0.202020 0.666667 0.977007
0.212121 0.666667 1.039956
0.222222 0.666667 1.105713
0.232323 0.666667 1.174671
0.242424 0.666667 1.247296
0.252525 0.666667 1.324081
0.262626 0.666667 1.405764
0.272727 0.666667 1.493138
0.282828 0.666667 1.587084
0.292929 0.666667 1.688472
0.303030 0.666667 1.798132
0.313131 0.666667 1.916239
0.323232 0.666667 2.041045
0.333333 0.666667 2.166163
0.343434 0.666667 2.275561
0.353535 0.666667 2.338789
0.363636 0.666667 2.322274
0.373737 0.666667 2.259514
0.383838 0.666667 2.181184
0.393939 0.666667 2.103361
0.404040 0.666667 2.032538
0.414141 0.666667 1.970594
0.424242 0.666667 1.917523
0.434343 0.666667 1.872685
0.444444 0.666667 1.835143
0.454545 0.666667 1.804148
0.464646 0.666667 1.778978
0.474747 0.666667 1.759001
0.484848 0.666667 1.743744
0.494949 0.666667 1.732761
0.000000 0.676768 0.000000
0.010101 0.676768 0.043072
0.020202 0.676768 0.086200
0.030303 0.676768 0.129480
0.040404 0.676768 0.172918
0.050505 0.676768 0.216690
0.060606 0.676768 0.260771
0.070707 0.676768 0.305292
0.080808 0.676768 0.350344
0.090909 0.676768 0.396008
0.101010 0.676768 0.442368
0.111111 0.676768 0.489505
0.121212 0.676768 0.537617
0.131313 0.676768 0.586724
0.141414 0.676768 0.636981
0.151515 0.676768 0.688485
0.161616 0.676768 0.741541
0.171717 0.676768 0.796124
0.181818 0.676768 0.852497
0.191919 0.676768 0.910895
0.202020 0.676768 0.971710
0.212121 0.676768 1.035197
0.222222 0.676768 1.101760
0.232323 0.676768 1.171875
0.242424 0.676768 1.246056
0.252525 0.676768 1.325081
0.262626 0.676768 1.409754
0.272727 0.676768 1.501377
0.282828 0.676768 1.601291
0.292929 0.676768 1.711463
0.303030 0.676768 1.834243
0.313131 0.676768 1.972506
0.323232 0.676768 2.128570
0.333333 0.676768 2.301043
0.343434 0.676768 2.473883
0.353535 0.676768 2.589422
0.363636 0.676768 2.520944
0.373737 0.676768 2.395240
0.383838 0.676768 2.269948
0.393939 0.676768 2.161343
0.404040 0.676768 2.070874
0.414141 0.676768 1.996450
0.424242 0.676768 1.935290
0.434343 0.676768 1.885182
0.444444 0.676768 1.844319
0.454545 0.676768 1.811370
0.464646 0.676768 1.785266
0.474747 0.676768 1.765234
0.484848 0.676768 1.750553
0.494949 0.676768 1.740858
0.000000 0.686869 0.000000
0.010101 0.686869 0.042554
0.020202 0.686869 0.085170
0.030303 0.686869 0.127901
0.040404 0.686869 0.170844
0.050505 0.686869 0.214065
0.060606 0.686869 0.257674
0.070707 0.686869 0.301653
0.080808 0.686869 0.346173
0.090909 0.686869 0.391352
0.101010 0.686869 0.437240
0.111111 0.686869 0.483925
0.121212 0.686869 0.531559
0.131313 0.686869 0.580278
0.141414 0.686869 0.630156
0.151515 0.686869 0.681358
0.161616 0.686869 0.734087
0.171717 0.686869 0.788437
0.181818 0.686869 0.844654
0.191919 0.686869 0.902981
0.202020 0.686869 0.963742
0.212121 0.686869 1.027386
0.222222 0.686869 1.094256
0.232323 0.686869 1.164919
0.242424 0.686869 1.239971
0.252525 0.686869 1.320262
0.262626 0.686869 1.406794
0.272727 0.686869 1.501183
0.282828 0.686869 1.605239
0.292929 0.686869 1.721745
0.303030 0.686869 1.854872
0.313131 0.686869 2.010928
0.323232 0.686869 2.199686
0.333333 0.686869 2.435513
0.343434 0.686869 2.729508
0.353535 0.686869 3.023943
0.363636 0.686869 2.776841
0.373737 0.686869 2.530280
0.383838 0.686869 2.342026
0.393939 0.686869 2.201028
0.404040 0.686869 2.093166
0.414141 0.686869 2.008927
0.424242 0.686869 1.942004
0.434343 0.686869 1.888449
0.444444 0.686869 1.845581
0.454545 0.686869 1.811730
0.464646 0.686869 1.785482
0.474747 0.686869 1.765926
0.484848 0.686869 1.752377
0.494949 0.686869 1.744350
0.000000 0.696970 0.000000
0.010101 0.696970 0.041971
0.020202 0.696970 0.083954
0.030303 0.696970 0.126112
0.040404 0.696970 0.168426
0.050505 0.696970 0.211051
0.060606 0.696970 0.254030
0.070707 0.696970 0.297474
0.080808 0.696970 0.341384
0.090909 0.696970 0.385988
0.101010 0.696970 0.431279
0.111111 0.696970 0.477396
0.121212 0.696970 0.524495
0.131313 0.696970 0.572673
0.141414 0.696970 0.622029
0.151515 0.696970 0.672703
0.161616 0.696970 0.724954
0.171717 0.696970 0.778882
0.181818 0.696970 0.834678
0.191919 0.696970 0.892633
0.202020 0.696970 0.953071
0.212121 0.696970 1.016348
0.222222 0.696970 1.083051
0.232323 0.696970 1.153574
0.242424 0.696970 1.228696
0.252525 0.696970 1.309202
0.262626 0.696970 1.396194
0.272727 0.696970 1.491321
0.282828 0.696970 1.596667
0.292929 0.696970 1.715406
0.303030 0.696970 1.852591
0.313131 0.696970 2.016648
0.323232 0.696970 2.223959
0.333333 0.696970 2.511812
0.343434 0.696970 2.984652
0.353535 0.696970 4.000000
0.363636 0.696970 3.032183
0.373737 0.696970 2.607012
0.383838 0.696970 2.366857
0.393939 0.696970 2.207580
0.404040 0.696970 2.092040
0.414141 0.696970 2.004088
0.424242 0.696970 1.935363
0.434343 0.696970 1.881029
0.444444 0.696970 1.838063
0.454545 0.696970 1.804488
0.464646 0.696970 1.779013
0.474747 0.696970 1.760611
0.484848 0.696970 1.748660
0.494949 0.696970 1.742666
0.000000 0.707071 0.000000
0.010101 0.707071 0.041263
0.020202 0.707071 0.082562
0.030303 0.707071 0.124023
0.040404 0.707071 0.165696
0.050505 0.707071 0.207602
0.060606 0.707071 0.249922
0.070707 0.707071 0.292643
0.080808 0.707071 0.335900
0.090909 0.707071 0.379821
0.101010 0.707071 0.424492
0.111111 0.707071 0.469931
0.121212 0.707071 0.516351
0.131313 0.707071 0.563859
0.141414 0.707071 0.612584
0.151515 0.707071 0.662603
0.161616 0.707071 0.714142
0.171717 0.707071 0.767394
0.181818 0.707071 0.822543
0.191919 0.707071 0.879818
0.202020 0.707071 0.939562
0.212121 0.707071 1.002146
0.222222 0.707071 1.068024
0.232323 0.707071 1.137793
0.242424 0.707071 1.212035
0.252525 0.707071 1.291582
0.262626 0.707071 1.377457
0.272727 0.707071 1.471209
0.282828 0.707071 1.574701
0.292929 0.707071 1.690721
0.303030 0.707071 1.823436
0.313131 0.707071 1.979160
0.323232 0.707071 2.167691
0.333333 0.707071 2.403342
0.343434 0.707071 2.697289
0.353535 0.707071 2.991777
0.363636 0.707071 2.744878
0.373737 0.707071 2.498598
0.383838 0.707071 2.310810
0.393939 0.707071 2.170404
0.404040 0.707071 2.063326
0.414141 0.707071 1.980047
0.424242 0.707071 1.914330
0.434343 0.707071 1.862255
0.444444 0.707071 1.821154
0.454545 0.707071 1.789311
0.464646 0.707071 1.765471
0.474747 0.707071 1.748918
0.484848 0.707071 1.738986
0.494949 0.707071 1.735355
0.000000 0.717172 0.000000
0.010101 0.717172 0.040520
0.020202 0.717172 0.081031
0.030303 0.717172 0.121723
0.040404 0.717172 0.162586
0.050505 0.717172 0.203740
0.060606 0.717172 0.245285
0.070707 0.717172 0.287276
0.080808 0.717172 0.329770
0.090909 0.717172 0.372904
0.101010 0.717172 0.416792
0.111111 0.717172 0.461484
0.121212 0.717172 0.507120
0.131313 0.717172 0.553829
0.141414 0.717172 0.601734
0.151515 0.717172 0.650985
0.161616 0.717172 0.701643
0.171717 0.717172 0.754007
0.181818 0.717172 0.808197
0.191919 0.717172 0.864532
0.202020 0.717172 0.923214
0.212121 0.717172 0.984648
0.222222 0.717172 1.049264
0.232323 0.717172 1.117538
0.242424 0.717172 1.190122
0.252525 0.717172 1.267633
0.262626 0.717172 1.350976
0.272727 0.717172 1.441355
0.282828 0.717172 1.540152
0.292929 0.717172 1.649341
0.303030 0.717172 1.771304
0.313131 0.717172 1.908867
0.323232 0.717172 2.064456
0.333333 0.717172 2.236574
0.343434 0.717172 2.409331
0.353535 0.717172 2.524940
0.363636 0.717172 2.456845
0.373737 0.717172 2.331690
0.383838 0.717172 2.207328
0.393939 0.717172 2.099902
0.404040 0.717172 2.010989
0.414141 0.717172 1.938442
0.424242 0.717172 1.879708
0.434343 0.717172 1.832508
0.444444 0.717172 1.795057
0.454545 0.717172 1.766130
0.464646 0.717172 1.744838
0.474747 0.717172 1.730603
0.484848 0.717172 1.723077
0.494949 0.717172 1.721971
0.000000 0.727273 0.000000
0.010101 0.727273 0.039645
0.020202 0.727273 0.079320
0.030303 0.727273 0.119164
0.040404 0.727273 0.159187
0.050505 0.727273 0.199514
0.060606 0.727273 0.240203
0.070707 0.727273 0.281331
0.080808 0.727273 0.322998
0.090909 0.727273 0.365270
0.101010 0.727273 0.408290
0.111111 0.727273 0.452084
0.121212 0.727273 0.496816
0.131313 0.727273 0.542597
0.141414 0.727273 0.589536
0.151515 0.727273 0.637779
0.161616 0.727273 0.687440
0.171717 0.727273 0.738670
0.181818 0.727273 0.791707
0.191919 0.727273 0.846767
0.202020 0.727273 0.904113
0.212121 0.727273 0.964018
0.222222 0.727273 1.026848
0.232323 0.727273 1.093130
0.242424 0.727273 1.163282
0.252525 0.727273 1.237820
0.262626 0.727273 1.317460
0.272727 0.727273 1.402958
0.282828 0.727273 1.495210
0.292929 0.727273 1.595132
0.303030 0.727273 1.703571
0.313131 0.727273 1.820634
0.323232 0.727273 1.944692
0.333333 0.727273 2.069301
0.343434 0.727273 2.178523
0.353535 0.727273 2.241860
0.363636 0.727273 2.225872
0.373737 0.727273 2.163952
0.383838 0.727273 2.086911
0.393939 0.727273 2.010820
0.404040 0.727273 1.942285
0.414141 0.727273 1.883148
0.424242 0.727273 1.833550
0.434343 0.727273 1.792911
0.444444 0.727273 1.760437
0.454545 0.727273 1.735299
0.464646 0.727273 1.717148
0.474747 0.727273 1.705717
0.484848 0.727273 1.700748
0.494949 0.727273 1.702176
0.000000 0.737374 0.000000
0.010101 0.737374 0.038741
0.020202 0.737374 0.077510
0.030303 0.737374 0.116428
0.040404 0.737374 0.155525
0.050505 0.737374 0.194928
0.060606 0.737374 0.234676
0.070707 0.737374 0.274846
0.080808 0.737374 0.315577
0.090909 0.737374 0.356888
0.101010 0.737374 0.398936
0.111111 0.737374 0.441747
0.121212 0.737374 0.485480
0.131313 0.737374 0.530206
0.141414 0.737374 0.576051
0.151515 0.737374 0.623155
0.161616 0.737374 0.671584
0.171717 0.737374 0.721526
0.181818 0.737374 0.773160
0.191919 0.737374 0.826714
0.202020 0.737374 0.882394
0.212121 0.737374 0.940462
0.222222 0.737374 1.001134
0.232323 0.737374 1.064854
0.242424 0.737374 1.132000
0.252525 0.737374 1.202906
0.262626 0.737374 1.278028
0.272727 0.737374 1.357806
0.282828 0.737374 1.442501
0.292929 0.737374 1.532405
0.303030 0.737374 1.627079
0.313131 0.737374 1.725408
0.323232 0.737374 1.824311
0.333333 0.737374 1.917417
0.343434 0.737374 1.993572
0.353535 0.737374 2.038106
0.363636 0.737374 2.040499
0.373737 0.737374 2.011334
0.383838 0.737374 1.965431
0.393939 0.737374 1.914183
0.404040 0.737374 1.864015
0.414141 0.737374 1.818315
0.424242 0.737374 1.778498
0.434343 0.737374 1.745151
0.444444 0.737374 1.718165
0.454545 0.737374 1.697481
0.464646 0.737374 1.682854
0.474747 0.737374 1.674370
0.484848 0.737374 1.672034
0.494949 0.737374 1.675907
0.000000 0.747475 0.000000
0.010101 0.747475 0.037745
0.020202 0.747475 0.075549
0.030303 0.747475 0.113458
0.040404 0.747475 0.151556
0.050505 0.747475 0.189980
0.060606 0.747475 0.228728
0.070707 0.747475 0.267905
0.080808 0.747475 0.307577
0.090909 0.747475 0.347873
0.101010 0.747475 0.388821
0.111111 0.747475 0.430557
0.121212 0.747475 0.473150
0.131313 0.747475 0.516701
0.141414 0.747475 0.561306
0.151515 0.747475 0.607099
0.161616 0.747475 0.654214
0.171717 0.747475 0.702654
0.181818 0.747475 0.752694
0.191919 0.747475 0.804502
0.202020 0.747475 0.858288
0.212121 0.747475 0.914154
0.222222 0.747475 0.972373
0.232323 0.747475 1.033231
0.242424 0.747475 1.096956
0.252525 0.747475 1.163798
0.262626 0.747475 1.233939
0.272727 0.747475 1.307554
0.282828 0.747475 1.384584
0.292929 0.747475 1.464638
0.303030 0.747475 1.546931
0.313131 0.747475 1.629623
0.323232 0.747475 1.709727
0.333333 0.747475 1.782261
0.343434 0.747475 1.840240
0.353535 0.747475 1.876343
0.363636 0.747475 1.886682
0.373737 0.747475 1.875130
0.383838 0.747475 1.849296
0.393939 0.747475 1.816284
0.404040 0.747475 1.781277
0.414141 0.747475 1.747484
0.424242 0.747475 1.716977
0.434343 0.747475 1.690844
0.444444 0.747475 1.669592
0.454545 0.747475 1.653350
0.464646 0.747475 1.642416
0.474747 0.747475 1.636943
0.484848 0.747475 1.637110
0.494949 0.747475 1.643145
0.000000 0.757576 0.000000
0.010101 0.757576 0.036692
0.020202 0.757576 0.073441
0.030303 0.757576 0.110302
0.040404 0.757576 0.147370
0.050505 0.757576 0.184707
0.060606 0.757576 0.222394
0.070707 0.757576 0.260470
0.080808 0.757576 0.299044
0.090909 0.757576 0.338205
0.101010 0.757576 0.377996
0.111111 0.757576 0.418512
0.121212 0.757576 0.459876
0.131313 0.757576 0.502141
0.141414 0.757576 0.545382
0.151515 0.757576 0.589718
0.161616 0.757576 0.635308
0.171717 0.757576 0.682180
0.181818 0.757576 0.730451
0.191919 0.757576 0.780311
0.202020 0.757576 0.831969
0.212121 0.757576 0.885493
0.222222 0.757576 0.941017
0.232323 0.757576 0.998741
0.242424 0.757576 1.058832
0.252525 0.757576 1.121390
0.262626 0.757576 1.186411
0.272727 0.757576 1.253888
0.282828 0.757576 1.323482
0.292929 0.757576 1.394632
0.303030 0.757576 1.466150
0.313131 0.757576 1.536428
0.323232 0.757576 1.602757
0.333333 0.757576 1.661660
0.343434 0.757576 1.708782
0.353535 0.757576 1.740346
0.363636 0.757576 1.754495
0.373737 0.757576 1.753206
0.383838 0.757576 1.740276
0.393939 0.757576 1.720380
0.404040 0.757576 1.697063
0.414141 0.757576 1.673366
0.424242 0.757576 1.651096
0.434343 0.757576 1.631656
0.444444 0.757576 1.615729
0.454545 0.757576 1.603911
0.464646 0.757576 1.596494
0.474747 0.757576 1.593876
0.484848 0.757576 1.596309
0.494949 0.757576 1.604156
0.000000 0.767677 0.000000
0.010101 0.767677 0.035586
0.020202 0.767677 0.071220
0.030303 0.767677 0.106976
0.040404 0.767677 0.142918
0.050505 0.767677 0.179127
0.060606 0.767677 0.215672
0.070707 0.767677 0.252585
0.080808 0.767677 0.289924
0.090909 0.767677 0.327898
0.101010 0.767677 0.366447
0.111111 0.767677 0.405681
0.121212 0.767677 0.445703
0.131313 0.767677 0.486565
0.141414 0.767677 0.528363
0.151515 0.767677 0.571163
0.161616 0.767677 0.615121
0.171717 0.767677 0.660216
0.181818 0.767677 0.706620
0.191919 0.767677 0.754411
0.202020 0.767677 0.803783
0.212121 0.767677 0.854745
0.222222 0.767677 0.907461
0.232323 0.767677 0.961914
0.242424 0.767677 1.018240
0.252525 0.767677 1.076463
0.262626 0.767677 1.136427
0.272727 0.767677 1.198050
0.282828 0.767677 1.260823
0.292929 0.767677 1.324017
0.303030 0.767677 1.386610
0.313131 0.767677 1.446995
0.323232 0.767677 1.503212
0.333333 0.767677 1.552703
0.343434 0.767677 1.592883
0.353535 0.767677 1.621488
0.363636 0.767677 1.637748
0.373737 0.767677 1.642528
0.383838 0.767677 1.638220
0.393939 0.767677 1.627521
0.404040 0.767677 1.613228
0.414141 0.767677 1.597609
0.424242 0.767677 1.582383
0.434343 0.767677 1.568801
0.444444 0.767677 1.557756
0.454545 0.767677 1.549909
0.464646 0.767677 1.545775
0.474747 0.767677 1.545693
0.484848 0.767677 1.550095
0.494949 0.767677 1.559368
0.000000 0.777778 0.000000
0.010101 0.777778 0.034433
0.020202 0.777778 0.068880
0.030303 0.777778 0.103465
0.040404 0.777778 0.138221
0.050505 0.777778 0.173213
0.060606 0.777778 0.208563
0.070707 0.777778 0.244272
0.080808 0.777778 0.280367
0.090909 0.777778 0.317016
0.101010 0.777778 0.354228
0.111111 0.777778 0.392064
0.121212 0.777778 0.430662
0.131313 0.777778 0.470052
0.141414 0.777778 0.510280
0.151515 0.777778 0.551449
0.161616 0.777778 0.593647
0.171717 0.777778 0.636943
0.181818 0.777778 0.681311
0.191919 0.777778 0.726932
0.202020 0.777778 0.773896
0.212121 0.777778 0.822245
0.222222 0.777778 0.872009
0.232323 0.777778 0.923214
0.242424 0.777778 0.975816
0.252525 0.777778 1.029794
0.262626 0.777778 1.084950
0.272727 0.777778 1.141063
0.282828 0.777778 1.197662
0.292929 0.777778 1.254005
0.303030 0.777778 1.309114
0.313131 0.777778 1.361729
0.323232 0.777778 1.410278
0.333333 0.777778 1.453057
0.343434 0.777778 1.488386
0.353535 0.777778 1.514977
0.363636 0.777778 1.532259
0.373737 0.777778 1.540937
0.383838 0.777778 1.542271
0.393939 0.777778 1.538257
0.404040 0.777778 1.530687
0.414141 0.777778 1.521459
0.424242 0.777778 1.511981
0.434343 0.777778 1.503409
0.444444 0.777778 1.496552
0.454545 0.777778 1.492193
0.464646 0.777778 1.490873
0.474747 0.777778 1.493025
0.484848 0.777778 1.498972
0.494949 0.777778 1.509218
0.000000 0.787879 0.000000
0.010101 0.787879 0.033193
0.020202 0.787879 0.066404
0.030303 0.787879 0.099771
0.040404 0.787879 0.133289
0.050505 0.787879 0.167031
0.060606 0.787879 0.201095
0.070707 0.787879 0.235475
0.080808 0.787879 0.270255
0.090909 0.787879 0.305536
0.101010 0.787879 0.341385
0.111111 0.787879 0.377751
0.121212 0.787879 0.414829
0.131313 0.787879 0.452648
0.141414 0.787879 0.491256
0.151515 0.787879 0.530708
0.161616 0.787879 0.571075
0.171717 0.787879 0.612409
0.181818 0.787879 0.654750
0.191919 0.787879 0.698123
0.202020 0.787879 0.742626
0.212121 0.787879 0.788298
0.222222 0.787879 0.835117
0.232323 0.787879 0.883047
0.242424 0.787879 0.932018
0.252525 0.787879 0.981922
0.262626 0.787879 1.032515
0.272727 0.787879 1.083679
0.282828 0.787879 1.134760
0.292929 0.787879 1.185210
0.303030 0.787879 1.234113
0.313131 0.787879 1.280460
0.323232 0.787879 1.323116
0.333333 0.787879 1.360881
0.343434 0.787879 1.392629
0.353535 0.787879 1.417535
0.363636 0.787879 1.435372
0.373737 0.787879 1.446418
0.383838 0.787879 1.451668
0.393939 0.787879 1.452323
0.404040 0.787879 1.449806
0.414141 0.787879 1.445552
0.424242 0.787879 1.440673
0.434343 0.787879 1.436183
0.444444 0.787879 1.432851
0.454545 0.787879 1.431470
0.464646 0.787879 1.432497
0.474747 0.787879 1.436398
0.484848 0.787879 1.443551
0.494949 0.787879 1.454430
0.000000 0.797980 0.000000
0.010101 0.797980 0.031937
0.020202 0.797980 0.063845
0.030303 0.797980 0.095926
0.040404 0.797980 0.128102
0.050505 0.797980 0.160525
0.060606 0.797980 0.193236
0.070707 0.797980 0.226279
0.080808 0.797980 0.259661
0.090909 0.797980 0.293486
0.101010 0.797980 0.327852
0.111111 0.797980 0.362727
0.121212 0.797980 0.398257
0.131313 0.797980 0.434455
0.141414 0.797980 0.471360
0.151515 0.797980 0.509054
0.161616 0.797980 0.547525
0.171717 0.797980 0.586870
0.181818 0.797980 0.627074
0.191919 0.797980 0.668183
0.202020 0.797980 0.710221
0.212121 0.797980 0.753204
0.222222 0.797980 0.797087
0.232323 0.797980 0.841839
0.242424 0.797980 0.887323
0.252525 0.797980 0.933361
0.262626 0.797980 0.979830
0.272727 0.797980 1.026379
0.282828 0.797980 1.072632
0.292929 0.797980 1.117962
0.303030 0.797980 1.161663
0.313131 0.797980 1.202884
0.323232 0.797980 1.240892
0.333333 0.797980 1.274721
0.343434 0.797980 1.303659
0.353535 0.797980 1.327164
0.363636 0.797980 1.345110
0.373737 0.797980 1.357695
0.383838 0.797980 1.365527
0.393939 0.797980 1.369564
0.404040 0.797980 1.370796
0.414141 0.797980 1.370273
0.424242 0.797980 1.369003
0.434343 0.797980 1.367798
0.444444 0.797980 1.367371
0.454545 0.797980 1.368341
0.464646 0.797980 1.371254
0.474747 0.797980 1.376520
0.484848 0.797980 1.384505
0.494949 0.797980 1.395583
0.000000 0.808081 0.000000
0.010101 0.808081 0.030549
0.020202 0.808081 0.061113
0.030303 0.808081 0.091828
0.040404 0.808081 0.122666
0.050505 0.808081 0.153721
0.060606 0.808081 0.185045
0.070707 0.808081 0.216649
0.080808 0.808081 0.248625
0.090909 0.808081 0.280961
0.101010 0.808081 0.313811
0.111111 0.808081 0.347122
0.121212 0.808081 0.381018
0.131313 0.808081 0.415543
0.141414 0.808081 0.450675
0.151515 0.808081 0.486562
0.161616 0.808081 0.523101
0.171717 0.808081 0.560430
0.181818 0.808081 0.598494
0.191919 0.808081 0.637314
0.202020 0.808081 0.676872
0.212121 0.808081 0.717201
0.222222 0.808081 0.758189
0.232323 0.808081 0.799897
0.242424 0.808081 0.842076
0.252525 0.808081 0.884516
0.262626 0.808081 0.927066
0.272727 0.808081 0.969542
0.282828 0.808081 1.011429
0.292929 0.808081 1.052385
0.303030 0.808081 1.091692
0.313131 0.808081 1.128695
0.323232 0.808081 1.162845
0.333333 0.808081 1.193508
0.343434 0.808081 1.220123
0.353535 0.808081 1.242378
0.363636 0.808081 1.260210
0.373737 0.808081 1.273604
0.383838 0.808081 1.283180
0.393939 0.808081 1.289571
0.404040 0.808081 1.293542
0.414141 0.808081 1.295819
0.424242 0.808081 1.297269
0.434343 0.808081 1.298648
0.444444 0.808081 1.300492
0.454545 0.808081 1.303341
0.464646 0.808081 1.307659
0.474747 0.808081 1.313908
0.484848 0.808081 1.322366
0.494949 0.808081 1.333426
0.000000 0.818182 0.000000
0.010101 0.818182 0.029145
0.020202 0.818182 0.058316
0.030303 0.818182 0.087608
0.040404 0.818182 0.117020
0.050505 0.818182 0.146647
0.060606 0.818182 0.176507
0.070707 0.818182 0.206648
0.080808 0.818182 0.237116
0.090909 0.818182 0.267922
0.101010 0.818182 0.299216
0.111111 0.818182 0.330930
0.121212 0.818182 0.363225
0.131313 0.818182 0.396022
0.141414 0.818182 0.429418
0.151515 0.818182 0.463418
0.161616 0.818182 0.498031
0.171717 0.818182 0.533255
0.181818 0.818182 0.569173
0.191919 0.818182 0.605708
0.202020 0.818182 0.642833
0.212121 0.818182 0.680541
0.222222 0.818182 0.718770
0.232323 0.818182 0.757485
0.242424 0.818182 0.796477
0.252525 0.818182 0.835564
0.262626 0.818182 0.874592
0.272727 0.818182 0.913297
0.282828 0.818182 0.951394
0.292929 0.818182 0.988457
0.303030 0.818182 1.023932
0.313131 0.818182 1.057358
0.323232 0.818182 1.088321
0.333333 0.818182 1.116342
0.343434 0.818182 1.140939
0.353535 0.818182 1.162014
0.363636 0.818182 1.179424
0.373737 0.818182 1.193333
0.383838 0.818182 1.203970
0.393939 0.818182 1.211999
0.404040 0.818182 1.217833
0.414141 0.818182 1.222195
0.424242 0.818182 1.225720
0.434343 0.818182 1.229033
0.444444 0.818182 1.232596
0.454545 0.818182 1.236874
0.464646 0.818182 1.242228
0.474747 0.818182 1.249086
0.484848 0.818182 1.257796
0.494949 0.818182 1.268542
0.000000 0.828283 0.000000
0.010101 0.828283 0.027679
0.020202 0.828283 0.055400
0.030303 0.828283 0.083229
0.040404 0.828283 0.111158
0.050505 0.828283 0.139334
0.060606 0.828283 0.167686
0.070707 0.828283 0.196342
0.080808 0.828283 0.225270
0.090909 0.828283 0.254558
0.101010 0.828283 0.284200
0.111111 0.828283 0.314343
0.121212 0.828283 0.344929
0.131313 0.828283 0.376002
0.141414 0.828283 0.407557
0.151515 0.828283 0.439689
0.161616 0.828283 0.472350
0.171717 0.828283 0.505506
0.181818 0.828283 0.539233
0.191919 0.828283 0.573474
0.202020 0.828283 0.608212
0.212121 0.828283 0.643347
0.222222 0.828283 0.678866
0.232323 0.828283 0.714745
0.242424 0.828283 0.750781
0.252525 0.828283 0.786719
0.262626 0.828283 0.822440
0.272727 0.828283 0.857775
0.282828 0.828283 0.892394
0.292929 0.828283 0.926032
0.303030 0.828283 0.958219
0.313131 0.828283 0.988559
0.323232 0.828283 1.016739
0.333333 0.828283 1.042412
0.343434 0.828283 1.065279
0.353535 0.828283 1.085195
0.363636 0.828283 1.102140
0.373737 0.828283 1.116065
0.383838 0.828283 1.127370
0.393939 0.828283 1.136396
0.404040 0.828283 1.143596
0.414141 0.828283 1.149389
0.424242 0.828283 1.154382
0.434343 0.828283 1.159145
0.444444 0.828283 1.163984
0.454545 0.828283 1.169236
0.464646 0.828283 1.175293
0.474747 0.828283 1.182543
0.484848 0.828283 1.191187
0.494949 0.828283 1.201474
0.000000 0.838384 0.000000
0.010101 0.838384 0.026171
0.020202 0.838384 0.052439
0.030303 0.838384 0.078752
0.040404 0.838384 0.105231
0.050505 0.838384 0.131847
0.060606 0.838384 0.158710
0.070707 0.838384 0.185764
0.080808 0.838384 0.213170
0.090909 0.838384 0.240841
0.101010 0.838384 0.268895
0.111111 0.838384 0.297315
0.121212 0.838384 0.326204
0.131313 0.838384 0.355501
0.141414 0.838384 0.385232
0.151515 0.838384 0.415431
0.161616 0.838384 0.446102
0.171717 0.838384 0.477186
0.181818 0.838384 0.508741
0.191919 0.838384 0.540741
0.202020 0.838384 0.573094
0.212121 0.838384 0.605768
0.222222 0.838384 0.638697
0.232323 0.838384 0.671847
0.242424 0.838384 0.705025
0.252525 0.838384 0.738091
0.262626 0.838384 0.770764
0.272727 0.838384 0.802970
0.282828 0.838384 0.834517
0.292929 0.838384 0.865058
0.303030 0.838384 0.894300
0.313131 0.838384 0.921920
0.323232 0.838384 0.947664
0.333333 0.838384 0.971287
0.343434 0.838384 0.992532
0.353535 0.838384 1.011348
0.363636 0.838384 1.027568
0.373737 0.838384 1.041418
0.383838 0.838384 1.052961
0.393939 0.838384 1.062619
0.404040 0.838384 1.070587
0.414141 0.838384 1.077383
0.424242 0.838384 1.083470
0.434343 0.838384 1.089181
0.444444 0.838384 1.094850
0.454545 0.838384 1.100795
0.464646 0.838384 1.107283
0.474747 0.838384 1.114605
0.484848 0.838384 1.123089
0.494949 0.838384 1.132758
0.000000 0.848485 0.000000
0.010101 0.848485 0.024691
0.020202 0.848485 0.049434
0.030303 0.848485 0.074271
0.040404 0.848485 0.099168
0.050505 0.848485 0.124302
0.060606 0.848485 0.149544
0.070707 0.848485 0.175067
0.080808 0.848485 0.200805
0.090909 0.848485 0.226874
0.101010 0.848485 0.253224
0.111111 0.848485 0.279960
0.121212 0.848485 0.307073
0.131313 0.848485 0.334568
0.141414 0.848485 0.362439
0.151515 0.848485 0.390725
0.161616 0.848485 0.419440
0.171717 0.848485 0.448421
0.181818 0.848485 0.477805
0.191919 0.848485 0.507578
0.202020 0.848485 0.537654
0.212121 0.848485 0.567899
0.222222 0.848485 0.598305
0.232323 0.848485 0.628869
0.242424 0.848485 0.659380
0.252525 0.848485 0.689672
0.262626 0.848485 0.719556
0.272727 0.848485 0.748967
0.282828 0.848485 0.777647
0.292929 0.848485 0.805432
0.303030 0.848485 0.832003
0.313131 0.848485 0.857193
0.323232 0.848485 0.880711
0.333333 0.848485 0.902467
0.343434 0.848485 0.922212
0.353535 0.848485 0.939859
0.363636 0.848485 0.955367
0.373737 0.848485 0.968858
0.383838 0.848485 0.980439
0.393939 0.848485 0.990309
0.404040 0.848485 0.998750
0.414141 0.848485 1.006219
0.424242 0.848485 1.012933
0.434343 0.848485 1.019268
0.444444 0.848485 1.025439
0.454545 0.848485 1.031766
0.464646 0.848485 1.038438
0.474747 0.848485 1.045755
0.484848 0.848485 1.053804
0.494949 0.848485 1.062817
0.000000 0.858586 0.000000
0.010101 0.858586 0.023161
0.020202 0.858586 0.046417
0.030303 0.858586 0.069729
0.040404 0.858586 0.093118
0.050505 0.858586 0.116648
0.060606 0.858586 0.140315
0.070707 0.858586 0.164156
0.080808 0.858586 0.188280
0.090909 0.858586 0.212626
0.101010 0.858586 0.237300
0.111111 0.858586 0.262230
0.121212 0.858586 0.287588
0.131313 0.858586 0.313258
0.141414 0.858586 0.339239
0.151515 0.858586 0.365590
0.161616 0.858586 0.392284
0.171717 0.858586 0.419254
0.181818 0.858586 0.446547
0.191919 0.858586 0.474114
0.202020 0.858586 0.501930
0.212121 0.858586 0.529870
0.222222 0.858586 0.557889
0.232323 0.858586 0.585945
0.242424 0.858586 0.613924
0.252525 0.858586 0.641663
0.262626 0.858586 0.668944
0.272727 0.858586 0.695694
0.282828 0.858586 0.721811
0.292929 0.858586 0.747019
0.303030 0.858586 0.771226
0.313131 0.858586 0.794137
0.323232 0.858586 0.815689
0.333333 0.858586 0.835658
0.343434 0.858586 0.853971
0.353535 0.858586 0.870508
0.363636 0.858586 0.885205
0.373737 0.858586 0.898210
0.383838 0.858586 0.909538
0.393939 0.858586 0.919429
0.404040 0.858586 0.928085
0.414141 0.858586 0.935812
0.424242 0.858586 0.942901
0.434343 0.858586 0.949519
0.444444 0.858586 0.955946
0.454545 0.858586 0.962393
0.464646 0.858586 0.969122
0.474747 0.858586 0.976173
0.484848 0.858586 0.983838
0.494949 0.858586 0.992048
0.000000 0.868687 0.000000
0.010101 0.868687 0.021639
0.020202 0.868687 0.043345
0.030303 0.868687 0.065085
0.040404 0.868687 0.086927
0.050505 0.868687 0.108846
0.060606 0.868687 0.130913
0.070707 0.868687 0.153123
0.080808 0.868687 0.175534
0.090909 0.868687 0.198209
0.101010 0.868687 0.221119
0.111111 0.868687 0.244311
0.121212 0.868687 0.267789
0.131313 0.868687 0.291630
0.141414 0.868687 0.315670
0.151515 0.868687 0.340156
0.161616 0.868687 0.364850
0.171717 0.868687 0.389829
0.181818 0.868687 0.415015
0.191919 0.868687 0.440465
0.202020 0.868687 0.466084
0.212121 0.868687 0.491757
0.222222 0.868687 0.517437
0.232323 0.868687 0.543149
0.242424 0.868687 0.568707
0.252525 0.868687 0.593977
0.262626 0.868687 0.618860
0.272727 0.868687 0.643182
0.282828 0.868687 0.666885
0.292929 0.868687 0.689779
0.303030 0.868687 0.711746
0.313131 0.868687 0.732581
0.323232 0.868687 0.752250
0.333333 0.868687 0.770575
0.343434 0.868687 0.787506
0.353535 0.868687 0.802862
0.363636 0.868687 0.816734
0.373737 0.868687 0.829075
0.383838 0.868687 0.840075
0.393939 0.868687 0.849730
0.404040 0.868687 0.858349
0.414141 0.868687 0.866150
0.424242 0.868687 0.873340
0.434343 0.868687 0.879987
0.444444 0.868687 0.886431
0.454545 0.868687 0.892897
0.464646 0.868687 0.899482
0.474747 0.868687 0.906248
0.484848 0.868687 0.913328
0.494949 0.868687 0.920825
0.000000 0.878788 0.000000
0.010101 0.878788 0.020048
0.020202 0.878788 0.040167
0.030303 0.878788 0.060341
0.040404 0.878788 0.080564
0.050505 0.878788 0.100898
0.060606 0.878788 0.121320
0.070707 0.878788 0.141891
0.080808 0.878788 0.162636
0.090909 0.878788 0.183559
0.101010 0.878788 0.204762
0.111111 0.878788 0.226106
0.121212 0.878788 0.247863
0.131313 0.878788 0.269801
0.141414 0.878788 0.292014
0.151515 0.878788 0.314513
0.161616 0.878788 0.337237
0.171717 0.878788 0.360198
0.181818 0.878788 0.383343
0.191919 0.878788 0.406648
0.202020 0.878788 0.430128
0.212121 0.878788 0.453639
0.222222 0.878788 0.477086
0.232323 0.878788 0.500509
0.242424 0.878788 0.523719
0.252525 0.878788 0.546678
0.262626 0.878788 0.569240
0.272727 0.878788 0.591288
0.282828 0.878788 0.612744
0.292929 0.878788 0.633467
0.303030 0.878788 0.653321
0.313131 0.878788 0.672192
0.323232 0.878788 0.690131
0.333333 0.878788 0.706886
0.343434 0.878788 0.722427
0.353535 0.878788 0.736699
0.363636 0.878788 0.749617
0.373737 0.878788 0.761282
0.383838 0.878788 0.771704
0.393939 0.878788 0.781068
0.404040 0.878788 0.789455
0.414141 0.878788 0.797097
0.424242 0.878788 0.804100
0.434343 0.878788 0.810659
0.444444 0.878788 0.817020
0.454545 0.878788 0.823282
0.464646 0.878788 0.829637
0.474747 0.878788 0.836011
0.484848 0.878788 0.842560
0.494949 0.878788 0.849272
0.000000 0.888889 0.000000
0.010101 0.888889 0.018446
0.020202 0.888889 0.036934
0.030303 0.888889 0.055477
0.040404 0.888889 0.074093
0.050505 0.888889 0.092783
0.060606 0.888889 0.111576
0.070707 0.888889 0.130508
0.080808 0.888889 0.149561
0.090909 0.888889 0.168828
0.101010 0.888889 0.188262
0.111111 0.888889 0.207895
0.121212 0.888889 0.227756
0.131313 0.888889 0.247840
0.141414 0.888889 0.268072
0.151515 0.888889 0.288670
0.161616 0.888889 0.309386
0.171717 0.888889 0.330385
0.181818 0.888889 0.351509
0.191919 0.888889 0.372761
0.202020 0.888889 0.394143
0.212121 0.888889 0.415457
0.222222 0.888889 0.436760
0.232323 0.888889 0.457965
0.242424 0.888889 0.478982
0.252525 0.888889 0.499722
0.262626 0.888889 0.520133
0.272727 0.888889 0.539998
0.282828 0.888889 0.559334
0.292929 0.888889 0.577993
0.303030 0.888889 0.595878
0.313131 0.888889 0.612969
0.323232 0.888889 0.629195
0.333333 0.888889 0.644423
0.343434 0.888889 0.658618
0.353535 0.888889 0.671746
0.363636 0.888889 0.683753
0.373737 0.888889 0.694566
0.383838 0.888889 0.704393
0.393939 0.888889 0.713272
0.404040 0.888889 0.721307
0.414141 0.888889 0.728578
0.424242 0.888889 0.735303
0.434343 0.888889 0.741641
0.444444 0.888889 0.747706
0.454545 0.888889 0.753780
0.464646 0.888889 0.759773
0.474747 0.888889 0.765698
0.484848 0.888889 0.771631
0.494949 0.888889 0.777657
0.000000 0.898990 0.000000
0.010101 0.898990 0.016802
0.020202 0.898990 0.033672
0.030303 0.898990 0.050541
0.040404 0.898990 0.067543
0.050505 0.898990 0.084566
0.060606 0.898990 0.101741
0.070707 0.898990 0.119005
0.080808 0.898990 0.136385
0.090909 0.898990 0.153928
0.101010 0.898990 0.171603
0.111111 0.898990 0.189455
0.121212 0.898990 0.207511
0.131313 0.898990 0.225729
0.141414 0.898990 0.244125
0.151515 0.898990 0.262708
0.161616 0.898990 0.281501
0.171717 0.898990 0.300446
0.181818 0.898990 0.319563
0.191919 0.898990 0.338742
0.202020 0.898990 0.358037
0.212121 0.898990 0.377288
0.222222 0.898990 0.396503
0.232323 0.898990 0.415611
0.242424 0.898990 0.434474
0.252525 0.898990 0.453095
0.262626 0.898990 0.471388
0.272727 0.898990 0.489238
0.282828 0.898990 0.506569
0.292929 0.898990 0.523293
0.303030 0.898990 0.539314
0.313131 0.898990 0.554610
0.323232 0.898990 0.569245
0.333333 0.898990 0.582993
0.343434 0.898990 0.595917
0.353535 0.898990 0.607913
0.363636 0.898990 0.618845
0.373737 0.898990 0.628835
0.383838 0.898990 0.637982
0.393939 0.898990 0.646320
0.404040 0.898990 0.653772
0.414141 0.898990 0.660603
0.424242 0.898990 0.666940
0.434343 0.898990 0.672896
0.444444 0.898990 0.678712
0.454545 0.898990 0.684358
0.464646 0.898990 0.689936
0.474747 0.898990 0.695375
0.484848 0.898990 0.700724
0.494949 0.898990 0.706009
0.000000 0.909091 0.000000
0.010101 0.909091 0.015198
0.020202 0.909091 0.030411
0.030303 0.909091 0.045672
0.040404 0.909091 0.060973
0.050505 0.909091 0.076364
0.060606 0.909091 0.091818
0.070707 0.909091 0.107384
0.080808 0.909091 0.123048
0.090909 0.909091 0.138836
0.101010 0.909091 0.154768
0.111111 0.909091 0.170851
0.121212 0.909091 0.187105
0.131313 0.909091 0.203472
0.141414 0.909091 0.219991
0.151515 0.909091 0.236682
0.161616 0.909091 0.253464
0.171717 0.909091 0.270481
0.181818 0.909091 0.287554
0.191919 0.909091 0.304774
0.202020 0.909091 0.321973
0.212121 0.909091 0.339207
0.222222 0.909091 0.356354
0.232323 0.909091 0.373393
0.242424 0.909091 0.390206
0.252525 0.909091 0.406802
0.262626 0.909091 0.423087
0.272727 0.909091 0.438980
0.282828 0.909091 0.454409
0.292929 0.909091 0.469239
0.303030 0.909091 0.483475
0.313131 0.909091 0.497154
0.323232 0.909091 0.510181
0.333333 0.909091 0.522533
0.343434 0.909091 0.534144
0.353535 0.909091 0.544918
0.363636 0.909091 0.554878
0.373737 0.909091 0.563982
0.383838 0.909091 0.572379
0.393939 0.909091 0.579942
0.404040 0.909091 0.586859
0.414141 0.909091 0.593124
0.424242 0.909091 0.598958
0.434343 0.909091 0.604555
0.444444 0.909091 0.609887
0.454545 0.909091 0.615158
0.464646 0.909091 0.620238
0.474747 0.909091 0.625145
0.484848 0.909091 0.629882
0.494949 0.909091 0.634565
0.000000 0.919192 0.000000
0.010101 0.919192 0.013578
0.020202 0.919192 0.027136
0.030303 0.919192 0.040763
0.040404 0.919192 0.054373
0.050505 0.919192 0.068097
0.060606 0.919192 0.081835
0.070707 0.919192 0.095665
0.080808 0.919192 0.109611
0.090909 0.919192 0.123602
0.101010 0.919192 0.137799
0.111111 0.919192 0.152074
0.121212 0.919192 0.166521
0.131313 0.919192 0.181062
0.141414 0.919192 0.195762
0.151515 0.919192 0.210564
0.161616 0.919192 0.225478
0.171717 0.919192 0.240462
0.181818 0.919192 0.255638
0.191919 0.919192 0.270828
0.202020 0.919192 0.286023
0.212121 0.919192 0.301212
0.222222 0.919192 0.316354
0.232323 0.919192 0.331401
0.242424 0.919192 0.346207
0.252525 0.919192 0.360818
0.262626 0.919192 0.375151
0.272727 0.919192 0.389186
0.282828 0.919192 0.402712
0.292929 0.919192 0.415781
0.303030 0.919192 0.428317
0.313131 0.919192 0.440353
0.323232 0.919192 0.451867
0.333333 0.919192 0.462812
0.343434 0.919192 0.473101
0.353535 0.919192 0.482736
0.363636 0.919192 0.491606
0.373737 0.919192 0.499835
0.383838 0.919192 0.507323
0.393939 0.919192 0.514209
0.404040 0.919192 0.520376
0.414141 0.919192 0.526078
0.424242 0.919192 0.531425
0.434343 0.919192 0.536479
0.444444 0.919192 0.541403
0.454545 0.919192 0.546148
0.464646 0.919192 0.550698
0.474747 0.919192 0.555086
0.484848 0.919192 0.559246
0.494949 0.919192 0.563289
0.000000 0.929293 0.000000
0.010101 0.929293 0.011886
0.020202 0.929293 0.023792
0.030303 0.929293 0.035704
0.040404 0.929293 0.047657
0.050505 0.929293 0.059686
0.060606 0.929293 0.071758
0.070707 0.929293 0.083896
0.080808 0.929293 0.096130
0.090909 0.929293 0.108394
0.101010 0.929293 0.120752
0.111111 0.929293 0.133276
0.121212 0.929293 0.145844
0.131313 0.929293 0.158590
0.141414 0.929293 0.171429
0.151515 0.929293 0.184385
0.161616 0.929293 0.197421
0.171717 0.929293 0.210515
0.181818 0.929293 0.223707
0.191919 0.929293 0.236921
0.202020 0.929293 0.250079
0.212121 0.929293 0.263307
0.222222 0.929293 0.276448
0.232323 0.929293 0.289510
0.242424 0.929293 0.302401
0.252525 0.929293 0.315045
0.262626 0.929293 0.327510
0.272727 0.929293 0.339663
0.282828 0.929293 0.351473
0.292929 0.929293 0.362776
0.303030 0.929293 0.373661
0.313131 0.929293 0.384122
0.323232 0.929293 0.394121
0.333333 0.929293 0.403691
0.343434 0.929293 0.412713
0.353535 0.929293 0.421122
0.363636 0.929293 0.428975
0.373737 0.929293 0.436193
0.383838 0.929293 0.442869
0.393939 0.929293 0.448834
0.404040 0.929293 0.454357
0.414141 0.929293 0.459435
0.424242 0.929293 0.464184
0.434343 0.929293 0.468729
0.444444 0.929293 0.473098
0.454545 0.929293 0.477305
0.464646 0.929293 0.481322
0.474747 0.929293 0.485110
0.484848 0.929293 0.488726
0.494949 0.929293 0.492192
0.000000 0.939394 0.000000
0.010101 0.939394 0.010173
0.020202 0.939394 0.020412
0.030303 0.939394 0.030605
0.040404 0.939394 0.040912
0.050505 0.939394 0.051234
0.060606 0.939394 0.061604
0.070707 0.939394 0.072032
0.080808 0.939394 0.082533
0.090909 0.939394 0.093091
0.101010 0.939394 0.103694
0.111111 0.939394 0.114434
0.121212 0.939394 0.125181
0.131313 0.939394 0.136023
0.141414 0.939394 0.147045
0.151515 0.939394 0.158125
0.161616 0.939394 0.169268
0.171717 0.939394 0.180470
0.181818 0.939394 0.191762
0.191919 0.939394 0.203069
0.202020 0.939394 0.214300
0.212121 0.939394 0.225489
0.222222 0.939394 0.236716
0.232323 0.939394 0.247789
0.242424 0.939394 0.258727
0.252525 0.939394 0.269450
0.262626 0.939394 0.280098
0.272727 0.939394 0.290485
0.282828 0.939394 0.300531
0.292929 0.939394 0.310189
0.303030 0.939394 0.319455
0.313131 0.939394 0.328353
0.323232 0.939394 0.336938
0.333333 0.939394 0.345119
0.343434 0.939394 0.352829
0.353535 0.939394 0.360065
0.363636 0.939394 0.366819
0.373737 0.939394 0.373095
0.383838 0.939394 0.378724
0.393939 0.939394 0.383901
0.404040 0.939394 0.388699
0.414141 0.939394 0.393120
0.424242 0.939394 0.397263
0.434343 0.939394 0.401154
0.444444 0.939394 0.405015
0.454545 0.939394 0.408651
0.464646 0.939394 0.412097
0.474747 0.939394 0.415308
0.484848 0.939394 0.418413
0.494949 0.939394 0.421301
0.000000 0.949495 0.000000
0.010101 0.949495 0.008516
0.020202 0.949495 0.017079
0.030303 0.949495 0.025584
0.040404 0.949495 0.034153
0.050505 0.949495 0.042765
0.060606 0.949495 0.051394
0.070707 0.949495 0.060103
0.080808 0.949495 0.068879
0.090909 0.949495 0.077669
0.101010 0.949495 0.086497
0.111111 0.949495 0.095454
0.121212 0.949495 0.104425
0.131313 0.949495 0.113465
0.141414 0.949495 0.122601
0.151515 0.949495 0.131812
0.161616 0.949495 0.141055
0.171717 0.949495 0.150408
0.181818 0.949495 0.159802
0.191919 0.949495 0.169201
0.202020 0.949495 0.178562
0.212121 0.949495 0.187853
0.222222 0.949495 0.197138
0.232323 0.949495 0.206280
0.242424 0.949495 0.215270
0.252525 0.949495 0.224180
0.262626 0.949495 0.232947
0.272727 0.949495 0.241569
0.282828 0.949495 0.249975
0.292929 0.949495 0.257944
0.303030 0.949495 0.265618
0.313131 0.949495 0.273052
0.323232 0.949495 0.280161
0.333333 0.949495 0.286973
0.343434 0.949495 0.293420
0.353535 0.949495 0.299477
0.363636 0.949495 0.305142
0.373737 0.949495 0.310276
0.383838 0.949495 0.315032
0.393939 0.949495 0.319366
0.404040 0.949495 0.323418
0.414141 0.949495 0.327127
0.424242 0.949495 0.330593
0.434343 0.949495 0.333932
0.444444 0.949495 0.337158
0.454545 0.949495 0.340222
0.464646 0.949495 0.343106
0.474747 0.949495 0.345777
0.484848 0.949495 0.348318
0.494949 0.949495 0.350713
0.000000 0.959596 0.000000
0.010101 0.959596 0.006813
0.020202 0.959596 0.013663
0.030303 0.959596 0.020499
0.040404 0.959596 0.027364
0.050505 0.959596 0.034278
0.060606 0.959596 0.041171
0.070707 0.959596 0.048105
0.080808 0.959596 0.055144
0.090909 0.959596 0.062209
0.101010 0.959596 0.069276
0.111111 0.959596 0.076459
0.121212 0.959596 0.083604
0.131313 0.959596 0.090812
0.141414 0.959596 0.098147
0.151515 0.959596 0.105467
0.161616 0.959596 0.112899
0.171717 0.959596 0.120304
0.181818 0.959596 0.127842
0.191919 0.959596 0.135370
0.202020 0.959596 0.142799
0.212121 0.959596 0.150221
0.222222 0.959596 0.157623
0.232323 0.959596 0.164923
0.242424 0.959596 0.172052
0.252525 0.959596 0.179052
0.262626 0.959596 0.186034
0.272727 0.959596 0.192867
0.282828 0.959596 0.199569
0.292929 0.959596 0.205995
0.303030 0.959596 0.212131
0.313131 0.959596 0.218078
0.323232 0.959596 0.223739
0.333333 0.959596 0.229191
0.343434 0.959596 0.234383
0.353535 0.959596 0.239279
0.363636 0.959596 0.243683
0.373737 0.959596 0.247835
0.383838 0.959596 0.251611
0.393939 0.959596 0.255112
0.404040 0.959596 0.258364
0.414141 0.959596 0.261377
0.424242 0.959596 0.264180
0.434343 0.959596 0.266822
0.444444 0.959596 0.269474
0.454545 0.959596 0.271974
0.464646 0.959596 0.274248
0.474747 0.959596 0.276375
0.484848 0.959596 0.278404
0.494949 0.959596 0.280297
0.000000 0.969697 0.000000
0.010101 0.969697 0.005115
0.020202 0.969697 0.010259
0.030303 0.969697 0.015380
0.040404 0.969697 0.020526
0.050505 0.969697 0.025718
0.060606 0.969697 0.030909
0.070707 0.969697 0.036120
0.080808 0.969697 0.041384
0.090909 0.969697 0.046665
0.101010 0.969697 0.051937
0.111111 0.969697 0.057346
0.121212 0.969697 0.062722
0.131313 0.969697 0.068180
0.141414 0.969697 0.073708
0.151515 0.969697 0.079193
0.161616 0.969697 0.084771
0.171717 0.969697 0.090295
0.181818 0.969697 0.095894
0.191919 0.969697 0.101493
0.202020 0.969697 0.107041
0.212121 0.969697 0.112626
0.222222 0.969697 0.118209
0.232323 0.969697 0.123618
0.242424 0.969697 0.128965
0.252525 0.969697 0.134168
0.262626 0.969697 0.139271
0.272727 0.969697 0.144438
0.282828 0.969697 0.149438
0.292929 0.969697 0.154226
0.303030 0.969697 0.158835
0.313131 0.969697 0.163299
0.323232 0.969697 0.167526
0.333333 0.969697 0.171699
0.343434 0.969697 0.175641
0.353535 0.969697 0.179186
0.363636 0.969697 0.182476
0.373737 0.969697 0.185596
0.383838 0.969697 0.188463
0.393939 0.969697 0.191099
0.404040 0.969697 0.193548
0.414141 0.969697 0.195831
0.424242 0.969697 0.197929
0.434343 0.969697 0.199975
0.444444 0.969697 0.201944
0.454545 0.969697 0.203815
0.464646 0.969697 0.205539
0.474747 0.969697 0.207130
0.484848 0.969697 0.208626
0.494949 0.969697 0.210045
0.000000 0.979798 0.000000
0.010101 0.979798 0.003388
0.020202 0.979798 0.006829
0.030303 0.979798 0.010234
0.040404 0.979798 0.013693
0.050505 0.979798 0.017158
0.060606 0.979798 0.020614
0.070707 0.979798 0.024082
0.080808 0.979798 0.027602
0.090909 0.979798 0.031129
0.101010 0.979798 0.034669
0.111111 0.979798 0.038268
0.121212 0.979798 0.041851
0.131313 0.979798 0.045478
0.141414 0.979798 0.049141
0.151515 0.979798 0.052825
0.161616 0.979798 0.056506
0.171717 0.979798 0.060209
0.181818 0.979798 0.063936
0.191919 0.979798 0.067668
0.202020 0.979798 0.071357
0.212121 0.979798 0.075031
0.222222 0.979798 0.078739
0.232323 0.979798 0.082378
0.242424 0.979798 0.085921
0.252525 0.979798 0.089386
0.262626 0.979798 0.092825
0.272727 0.979798 0.096179
0.282828 0.979798 0.099493
0.292929 0.979798 0.102636
0.303030 0.979798 0.105761
0.313131 0.979798 0.108756
0.323232 0.979798 0.111652
0.333333 0.979798 0.114439
0.343434 0.979798 0.116980
0.353535 0.979798 0.119347
0.363636 0.979798 0.121547
0.373737 0.979798 0.123611
0.383838 0.979798 0.125528
0.393939 0.979798 0.127273
0.404040 0.979798 0.128943
0.414141 0.979798 0.130469
0.424242 0.979798 0.131887
0.434343 0.979798 0.133205
0.444444 0.979798 0.134560
0.454545 0.979798 0.135803
0.464646 0.979798 0.136952
0.474747 0.979798 0.137979
0.484848 0.979798 0.139009
0.494949 0.979798 0.139929
0.000000 0.989899 0.000000
0.010101 0.989899 0.001705
0.020202 0.989899 0.003433
0.030303 0.989899 0.005131
0.040404 0.989899 0.006855
0.050505 0.989899 0.008580
0.060606 0.989899 0.010308
0.070707 0.989899 0.012051
0.080808 0.989899 0.013812
0.090909 0.989899 0.015571
0.101010 0.989899 0.017342
0.111111 0.989899 0.019137
0.121212 0.989899 0.020938
0.131313 0.989899 0.022742
0.141414 0.989899 0.024553
0.151515 0.989899 0.026399
0.161616 0.989899 0.028217
0.171717 0.989899 0.030099
0.181818 0.989899 0.031972
0.191919 0.989899 0.033832
0.202020 0.989899 0.035686
0.212121 0.989899 0.037514
0.222222 0.989899 0.039338
0.232323 0.989899 0.041168
0.242424 0.989899 0.042956
0.252525 0.989899 0.044701
0.262626 0.989899 0.046463
0.272727 0.989899 0.048091
0.282828 0.989899 0.049721
0.292929 0.989899 0.051293
0.303030 0.989899 0.052816
0.313131 0.989899 0.054364
0.323232 0.989899 0.055885
0.333333 0.989899 0.057204
0.343434 0.989899 0.058491
0.353535 0.989899 0.059648
0.363636 0.989899 0.060756
0.373737 0.989899 0.061782
0.383838 0.989899 0.062763
0.393939 0.989899 0.063629
0.404040 0.989899 0.064480
0.414141 0.989899 0.065224
0.424242 0.989899 0.065947
0.434343 0.989899 0.066610
0.444444 0.989899 0.067288
0.454545 0.989899 0.067894
0.464646 0.989899 0.068486
0.474747 0.989899 0.068992
0.484848 0.989899 0.069501
0.494949 0.989899 0.069952
0.000000 1.000000 0.000000
0.010101 1.000000 0.000000
0.020202 1.000000 0.000000
0.030303 1.000000 0.000000
0.040404 1.000000 0.000000
0.050505 1.000000 0.000000
0.060606 1.000000 0.000000
0.070707 1.000000 0.000000
0.080808 1.000000 0.000000
0.090909 1.000000 0.000000
0.101010 1.000000 0.000000
0.111111 1.000000 0.000000
0.121212 1.000000 0.000000
0.131313 1.000000 0.000000
0.141414 1.000000 0.000000
0.151515 1.000000 0.000000
0.161616 1.000000 0.000000
0.171717 1.000000 0.000000
0.181818 1.000000 0.000000
0.191919 1.000000 0.000000
0.202020 1.000000 0.000000
0.212121 1.000000 0.000000
0.222222 1.000000 0.000000
0.232323 1.000000 0.000000
0.242424 1.000000 0.000000
0.252525 1.000000 0.000000
0.262626 1.000000 0.000000
0.272727 1.000000 0.000000
0.282828 1.000000 0.000000
0.292929 1.000000 0.000000
0.303030 1.000000 0.000000
0.313131 1.000000 0.000000
0.323232 1.000000 0.000000
0.333333 1.000000 0.000000
0.343434 1.000000 0.000000
0.353535 1.000000 0.000000
0.363636 1.000000 0.000000
0.373737 1.000000 0.000000
0.383838 1.000000 0.000000
0.393939 1.000000 0.000000
0.404040 1.000000 0.000000
0.414141 1.000000 0.000000
0.424242 1.000000 0.000000
0.434343 1.000000 0.000000
0.444444 1.000000 0.000000
0.454545 1.000000 0.000000
0.464646 1.000000 0.000000
0.474747 1.000000 0.000000
0.484848 1.000000 0.000000
0.494949 1.000000 0.000000
