0.505050 0.000000 0.000000
0.515152 0.000000 0.000000
0.525253 0.000000 0.000000
0.535354 0.000000 0.000000
0.545455 0.000000 0.000000
0.555556 0.000000 0.000000
0.565657 0.000000 0.000000
0.575758 0.000000 0.000000
0.585859 0.000000 0.000000
0.595960 0.000000 0.000000
0.606061 0.000000 0.000000
0.616162 0.000000 0.000000
0.626263 0.000000 0.000000
0.636364 0.000000 0.000000
0.646465 0.000000 0.000000
0.656566 0.000000 0.000000
0.666667 0.000000 0.000000
0.676768 0.000000 0.000000
0.686869 0.000000 0.000000
0.696970 0.000000 0.000000
0.707071 0.000000 0.000000
0.717172 0.000000 0.000000
0.727273 0.000000 0.000000
0.737374 0.000000 0.000000
0.747475 0.000000 0.000000
0.757576 0.000000 0.000000
0.767677 0.000000 0.000000
0.777778 0.000000 0.000000
0.787879 0.000000 0.000000
0.797980 0.000000 0.000000
0.808081 0.000000 0.000000
0.818182 0.000000 0.000000
0.828283 0.000000 0.000000
0.838384 0.000000 0.000000
0.848485 0.000000 0.000000
0.858586 0.000000 0.000000
0.868687 0.000000 0.000000
0.878788 0.000000 0.000000
0.888889 0.000000 0.000000
0.898990 0.000000 0.000000
0.909091 0.000000 0.000000
0.919192 0.000000 0.000000
0.929293 0.000000 0.000000
0.939394 0.000000 0.000000
0.949495 0.000000 0.000000
0.959596 0.000000 0.000000
0.969697 0.000000 0.000000
0.979798 0.000000 0.000000
0.989899 0.000000 0.000000
1.000000 0.000000 0.000000
0.505050 0.010101 0.050515
0.515152 0.010101 0.049101
0.525253 0.010101 0.047662
0.535354 0.010101 0.046246
0.545455 0.010101 0.044765
0.555556 0.010101 0.043334
0.565657 0.010101 0.041887
0.575758 0.010101 0.040514
0.585859 0.010101 0.039142
0.595960 0.010101 0.037848
0.606061 0.010101 0.036514
0.616162 0.010101 0.035255
0.626263 0.010101 0.033970
0.636364 0.010101 0.032737
0.646465 0.010101 0.031527
0.656566 0.010101 0.030345
0.666667 0.010101 0.029179
0.676768 0.010101 0.028047
0.686869 0.010101 0.026818
0.696970 0.010101 0.025649
0.707071 0.010101 0.024594
0.717172 0.010101 0.023567
0.727273 0.010101 0.022555
0.737374 0.010101 0.021631
0.747475 0.010101 0.020607
0.757576 0.010101 0.019668
0.767677 0.010101 0.018729
0.777778 0.010101 0.017772
0.787879 0.010101 0.016907
0.797980 0.010101 0.016037
0.808081 0.010101 0.015185
0.818182 0.010101 0.014344
0.828283 0.010101 0.013474
0.838384 0.010101 0.012633
0.848485 0.010101 0.011832
0.858586 0.010101 0.011004
0.868687 0.010101 0.010254
0.878788 0.010101 0.009483
0.888889 0.010101 0.008750
0.898990 0.010101 0.008019
0.909091 0.010101 0.007101
0.919192 0.010101 0.006217
0.929293 0.010101 0.005429
0.939394 0.010101 0.004674
0.949495 0.010101 0.003882
0.959596 0.010101 0.003057
0.969697 0.010101 0.002320
0.979798 0.010101 0.001592
0.989899 0.010101 0.000770
1.000000 0.010101 0.000000
0.505050 0.020202 0.101038
0.515152 0.020202 0.098189
0.525253 0.020202 0.095300
0.535354 0.020202 0.092414
0.545455 0.020202 0.089481
0.555556 0.020202 0.086589
0.565657 0.020202 0.083698
0.575758 0.020202 0.080941
0.585859 0.020202 0.078204
0.595960 0.020202 0.075574
0.606061 0.020202 0.072955
0.616162 0.020202 0.070409
0.626263 0.020202 0.067887
0.636364 0.020202 0.065428
0.646465 0.020202 0.063025
0.656566 0.020202 0.060640
0.666667 0.020202 0.058324
0.676768 0.020202 0.055902
0.686869 0.020202 0.053577
0.696970 0.020202 0.051341
0.707071 0.020202 0.049160
0.717172 0.020202 0.047092
0.727273 0.020202 0.045022
0.737374 0.020202 0.043062
0.747475 0.020202 0.041128
0.757576 0.020202 0.039292
0.767677 0.020202 0.037477
0.777778 0.020202 0.035623
0.787879 0.020202 0.033820
0.797980 0.020202 0.032057
0.808081 0.020202 0.030358
0.818182 0.020202 0.028626
0.828283 0.020202 0.026921
0.838384 0.020202 0.025294
0.848485 0.020202 0.023692
0.858586 0.020202 0.022090
0.868687 0.020202 0.020530
0.878788 0.020202 0.018994
0.888889 0.020202 0.017497
0.898990 0.020202 0.015826
0.909091 0.020202 0.014167
0.919192 0.020202 0.012509
0.929293 0.020202 0.010826
0.939394 0.020202 0.009309
0.949495 0.020202 0.007796
0.959596 0.020202 0.006195
0.969697 0.020202 0.004629
0.979798 0.020202 0.003081
0.989899 0.020202 0.001489
1.000000 0.020202 0.000000
0.505050 0.030303 0.151661
0.515152 0.030303 0.147317
0.525253 0.030303 0.142997
0.535354 0.030303 0.138631
0.545455 0.030303 0.134235
0.555556 0.030303 0.129843
0.565657 0.030303 0.125557
0.575758 0.030303 0.121347
0.585859 0.030303 0.117282
0.595960 0.030303 0.113288
0.606061 0.030303 0.109384
0.616162 0.030303 0.105540
0.626263 0.030303 0.101770
0.636364 0.030303 0.098064
0.646465 0.030303 0.094433
0.656566 0.030303 0.090867
0.666667 0.030303 0.087224
0.676768 0.030303 0.083658
0.686869 0.030303 0.080275
0.696970 0.030303 0.076980
0.707071 0.030303 0.073768
0.717172 0.030303 0.070618
0.727273 0.030303 0.067526
0.737374 0.030303 0.064467
0.747475 0.030303 0.061645
0.757576 0.030303 0.058896
0.767677 0.030303 0.056133
0.777778 0.030303 0.053422
0.787879 0.030303 0.050683
0.797980 0.030303 0.048012
0.808081 0.030303 0.045449
0.818182 0.030303 0.042881
0.828283 0.030303 0.040357
0.838384 0.030303 0.037930
0.848485 0.030303 0.035497
0.858586 0.030303 0.033135
0.868687 0.030303 0.030765
0.878788 0.030303 0.028465
0.888889 0.030303 0.026058
0.898990 0.030303 0.023620
0.909091 0.030303 0.021215
0.919192 0.030303 0.018826
0.929293 0.030303 0.016370
0.939394 0.030303 0.013941
0.949495 0.030303 0.011627
0.959596 0.030303 0.009297
0.969697 0.030303 0.006955
0.979798 0.030303 0.004612
0.989899 0.030303 0.002308
1.000000 0.030303 0.000000
0.505050 0.040404 0.202361
0.515152 0.040404 0.196563
0.525253 0.040404 0.190739
0.535354 0.040404 0.184856
0.545455 0.040404 0.178985
0.555556 0.040404 0.173105
0.565657 0.040404 0.167340
0.575758 0.040404 0.161738
0.585859 0.040404 0.156290
0.595960 0.040404 0.150951
0.606061 0.040404 0.145751
0.616162 0.040404 0.140596
0.626263 0.040404 0.135587
0.636364 0.040404 0.130615
0.646465 0.040404 0.125777
0.656566 0.040404 0.120846
0.666667 0.040404 0.116046
0.676768 0.040404 0.111385
0.686869 0.040404 0.106885
0.696970 0.040404 0.102516
0.707071 0.040404 0.098316
0.717172 0.040404 0.094109
0.727273 0.040404 0.089997
0.737374 0.040404 0.085976
0.747475 0.040404 0.082088
0.757576 0.040404 0.078371
0.767677 0.040404 0.074738
0.777778 0.040404 0.071075
0.787879 0.040404 0.067476
0.797980 0.040404 0.063970
0.808081 0.040404 0.060545
0.818182 0.040404 0.057099
0.828283 0.040404 0.053697
0.838384 0.040404 0.050450
0.848485 0.040404 0.047233
0.858586 0.040404 0.044074
0.868687 0.040404 0.040931
0.878788 0.040404 0.037790
0.888889 0.040404 0.034650
0.898990 0.040404 0.031412
0.909091 0.040404 0.028247
0.919192 0.040404 0.025076
0.929293 0.040404 0.021889
0.939394 0.040404 0.018667
0.949495 0.040404 0.015472
0.959596 0.040404 0.012368
0.969697 0.040404 0.009283
0.979798 0.040404 0.006189
0.989899 0.040404 0.003130
1.000000 0.040404 0.000000
0.505050 0.050505 0.253214
0.515152 0.050505 0.245835
0.525253 0.050505 0.238463
0.535354 0.050505 0.231071
0.545455 0.050505 0.223626
0.555556 0.050505 0.216250
0.565657 0.050505 0.209027
0.575758 0.050505 0.201975
0.585859 0.050505 0.195140
0.595960 0.050505 0.188473
0.606061 0.050505 0.181914
0.616162 0.050505 0.175507
0.626263 0.050505 0.169196
0.636364 0.050505 0.163032
0.646465 0.050505 0.156795
0.656566 0.050505 0.150696
0.666667 0.050505 0.144745
0.676768 0.050505 0.138950
0.686869 0.050505 0.133324
0.696970 0.050505 0.127884
0.707071 0.050505 0.122635
0.717172 0.050505 0.117506
0.727273 0.050505 0.112364
0.737374 0.050505 0.107350
0.747475 0.050505 0.102484
0.757576 0.050505 0.097764
0.767677 0.050505 0.093196
0.777778 0.050505 0.088664
0.787879 0.050505 0.084200
0.797980 0.050505 0.079846
0.808081 0.050505 0.075538
0.818182 0.050505 0.071275
0.828283 0.050505 0.067065
0.838384 0.050505 0.062938
0.848485 0.050505 0.058956
0.858586 0.050505 0.054998
0.868687 0.050505 0.051027
0.878788 0.050505 0.047113
0.888889 0.050505 0.043110
0.898990 0.050505 0.039130
0.909091 0.050505 0.035217
0.919192 0.050505 0.031341
0.929293 0.050505 0.027328
0.939394 0.050505 0.023364
0.949495 0.050505 0.019408
0.959596 0.050505 0.015421
0.969697 0.050505 0.011561
0.979798 0.050505 0.007733
0.989899 0.050505 0.003843
1.000000 0.050505 0.000000
0.505050 0.060606 0.304154
0.515152 0.060606 0.295206
0.525253 0.060606 0.286207
0.535354 0.060606 0.277210
0.545455 0.060606 0.268197
0.555556 0.060606 0.259317
0.565657 0.060606 0.250541
0.575758 0.060606 0.242109
0.585859 0.060606 0.233821
0.595960 0.060606 0.225813
0.606061 0.060606 0.217926
0.616162 0.060606 0.210226
0.626263 0.060606 0.202656
0.636364 0.060606 0.195099
0.646465 0.060606 0.187676
0.656566 0.060606 0.180389
0.666667 0.060606 0.173287
0.676768 0.060606 0.166326
0.686869 0.060606 0.159578
0.696970 0.060606 0.153114
0.707071 0.060606 0.146834
0.717172 0.060606 0.140678
0.727273 0.060606 0.134601
0.737374 0.060606 0.128627
0.747475 0.060606 0.122736
0.757576 0.060606 0.117148
0.767677 0.060606 0.111618
0.777778 0.060606 0.106174
0.787879 0.060606 0.100815
0.797980 0.060606 0.095588
0.808081 0.060606 0.090486
0.818182 0.060606 0.085376
0.828283 0.060606 0.080349
0.838384 0.060606 0.075462
0.848485 0.060606 0.070656
0.858586 0.060606 0.065837
0.868687 0.060606 0.061068
0.878788 0.060606 0.056267
0.888889 0.060606 0.051549
0.898990 0.060606 0.046804
0.909091 0.060606 0.042149
0.919192 0.060606 0.037444
0.929293 0.060606 0.032719
0.939394 0.060606 0.028041
0.949495 0.060606 0.023377
0.959596 0.060606 0.018577
0.969697 0.060606 0.013810
0.979798 0.060606 0.009201
0.989899 0.060606 0.004509
1.000000 0.060606 0.000000
0.505050 0.070707 0.355293
0.515152 0.070707 0.344629
0.525253 0.070707 0.333996
0.535354 0.070707 0.323367
0.545455 0.070707 0.312753
0.555556 0.070707 0.302279
0.565657 0.070707 0.292052
0.575758 0.070707 0.282101
0.585859 0.070707 0.272429
0.595960 0.070707 0.263032
0.606061 0.070707 0.253800
0.616162 0.070707 0.244815
0.626263 0.070707 0.235815
0.636364 0.070707 0.227033
0.646465 0.070707 0.218362
0.656566 0.070707 0.209896
0.666667 0.070707 0.201598
0.676768 0.070707 0.193487
0.686869 0.070707 0.185714
0.696970 0.070707 0.178161
0.707071 0.070707 0.170875
0.717172 0.070707 0.163769
0.727273 0.070707 0.156715
0.737374 0.070707 0.149820
0.747475 0.070707 0.143034
0.757576 0.070707 0.136475
0.767677 0.070707 0.129982
0.777778 0.070707 0.123599
0.787879 0.070707 0.117361
0.797980 0.070707 0.111205
0.808081 0.070707 0.105274
0.818182 0.070707 0.099393
0.828283 0.070707 0.093578
0.838384 0.070707 0.087906
0.848485 0.070707 0.082226
0.858586 0.070707 0.076625
0.868687 0.070707 0.070953
0.878788 0.070707 0.065336
0.888889 0.070707 0.059861
0.898990 0.070707 0.054387
0.909091 0.070707 0.048956
0.919192 0.070707 0.043566
0.929293 0.070707 0.038100
0.939394 0.070707 0.032702
0.949495 0.070707 0.027203
0.959596 0.070707 0.021702
0.969697 0.070707 0.016228
0.979798 0.070707 0.010753
0.989899 0.070707 0.005369
1.000000 0.070707 0.000000
0.505050 0.080808 0.406546
0.515152 0.080808 0.394150
0.525253 0.080808 0.381782
0.535354 0.080808 0.369413
0.545455 0.080808 0.357170
0.555556 0.080808 0.345093
0.565657 0.080808 0.333289
0.575758 0.080808 0.321867
0.585859 0.080808 0.310762
0.595960 0.080808 0.299954
0.606061 0.080808 0.289428
0.616162 0.080808 0.278969
0.626263 0.080808 0.268756
0.636364 0.080808 0.258665
0.646465 0.080808 0.248843
0.656566 0.080808 0.239158
0.666667 0.080808 0.229720
0.676768 0.080808 0.220524
0.686869 0.080808 0.211628
0.696970 0.080808 0.203048
0.707071 0.080808 0.194736
0.717172 0.080808 0.186607
0.727273 0.080808 0.178670
0.737374 0.080808 0.170775
0.747475 0.080808 0.163107
0.757576 0.080808 0.155580
0.767677 0.080808 0.148235
0.777778 0.080808 0.140964
0.787879 0.080808 0.133826
0.797980 0.080808 0.126854
0.808081 0.080808 0.120011
0.818182 0.080808 0.113297
0.828283 0.080808 0.106665
0.838384 0.080808 0.100151
0.848485 0.080808 0.093716
0.858586 0.080808 0.087219
0.868687 0.080808 0.080781
0.878788 0.080808 0.074450
0.888889 0.080808 0.068173
0.898990 0.080808 0.061945
0.909091 0.080808 0.055721
0.919192 0.080808 0.049561
0.929293 0.080808 0.043412
0.939394 0.080808 0.037203
0.949495 0.080808 0.031031
0.959596 0.080808 0.024811
0.969697 0.080808 0.018647
0.979798 0.080808 0.012400
0.989899 0.080808 0.006215
1.000000 0.080808 0.000000
0.505050 0.090909 0.457902
0.515152 0.090909 0.443642
0.525253 0.090909 0.429436
0.535354 0.090909 0.415335
0.545455 0.090909 0.401368
0.555556 0.090909 0.387634
0.565657 0.090909 0.374310
0.575758 0.090909 0.361318
0.585859 0.090909 0.348803
0.595960 0.090909 0.336593
0.606061 0.090909 0.324604
0.616162 0.090909 0.312876
0.626263 0.090909 0.301310
0.636364 0.090909 0.290028
0.646465 0.090909 0.278973
0.656566 0.090909 0.268171
0.666667 0.090909 0.257563
0.676768 0.090909 0.247263
0.686869 0.090909 0.237309
0.696970 0.090909 0.227666
0.707071 0.090909 0.218336
0.717172 0.090909 0.209255
0.727273 0.090909 0.200292
0.737374 0.090909 0.191504
0.747475 0.090909 0.182927
0.757576 0.090909 0.174503
0.767677 0.090909 0.166291
0.777778 0.090909 0.158198
0.787879 0.090909 0.150214
0.797980 0.090909 0.142373
0.808081 0.090909 0.134693
0.818182 0.090909 0.127119
0.828283 0.090909 0.119679
0.838384 0.090909 0.112316
0.848485 0.090909 0.105009
0.858586 0.090909 0.097753
0.868687 0.090909 0.090578
0.878788 0.090909 0.083511
0.888889 0.090909 0.076464
0.898990 0.090909 0.069500
0.909091 0.090909 0.062486
0.919192 0.090909 0.055545
0.929293 0.090909 0.048608
0.939394 0.090909 0.041666
0.949495 0.090909 0.034756
0.959596 0.090909 0.027863
0.969697 0.090909 0.020913
0.979798 0.090909 0.013986
0.989899 0.090909 0.006990
1.000000 0.090909 0.000000
0.505050 0.101010 0.509304
0.515152 0.101010 0.493112
0.525253 0.101010 0.476985
0.535354 0.101010 0.461057
0.545455 0.101010 0.445335
0.555556 0.101010 0.429990
0.565657 0.101010 0.415000
0.575758 0.101010 0.400560
0.585859 0.101010 0.386537
0.595960 0.101010 0.372844
0.606061 0.101010 0.359519
0.616162 0.101010 0.346368
0.626263 0.101010 0.333581
0.636364 0.101010 0.321048
0.646465 0.101010 0.308848
0.656566 0.101010 0.296815
0.666667 0.101010 0.285099
0.676768 0.101010 0.273734
0.686869 0.101010 0.262681
0.696970 0.101010 0.252042
0.707071 0.101010 0.241689
0.717172 0.101010 0.231611
0.727273 0.101010 0.221738
0.737374 0.101010 0.212066
0.747475 0.101010 0.202595
0.757576 0.101010 0.193311
0.767677 0.101010 0.184229
0.777778 0.101010 0.175268
0.787879 0.101010 0.166459
0.797980 0.101010 0.157811
0.808081 0.101010 0.149271
0.818182 0.101010 0.140899
0.828283 0.101010 0.132617
0.838384 0.101010 0.124400
0.848485 0.101010 0.116250
0.858586 0.101010 0.108210
0.868687 0.101010 0.100268
0.878788 0.101010 0.092428
0.888889 0.101010 0.084672
0.898990 0.101010 0.076871
0.909091 0.101010 0.069180
0.919192 0.101010 0.061460
0.929293 0.101010 0.053807
0.939394 0.101010 0.046130
0.949495 0.101010 0.038462
0.959596 0.101010 0.030826
0.969697 0.101010 0.023156
0.979798 0.101010 0.015460
0.989899 0.101010 0.007760
1.000000 0.101010 0.000000
0.505050 0.111111 0.560832
0.515152 0.111111 0.542518
0.525253 0.111111 0.524414
0.535354 0.111111 0.506572
0.545455 0.111111 0.489088
0.555556 0.111111 0.471990
0.565657 0.111111 0.455452
0.575758 0.111111 0.439387
0.585859 0.111111 0.423837
0.595960 0.111111 0.408726
0.606061 0.111111 0.393906
0.616162 0.111111 0.379494
0.626263 0.111111 0.365427
0.636364 0.111111 0.351735
0.646465 0.111111 0.338265
0.656566 0.111111 0.325144
0.666667 0.111111 0.312344
0.676768 0.111111 0.299895
0.686869 0.111111 0.287834
0.696970 0.111111 0.276131
0.707071 0.111111 0.264812
0.717172 0.111111 0.253763
0.727273 0.111111 0.242969
0.737374 0.111111 0.232426
0.747475 0.111111 0.222049
0.757576 0.111111 0.211916
0.767677 0.111111 0.201941
0.777778 0.111111 0.192186
0.787879 0.111111 0.182565
0.797980 0.111111 0.173143
0.808081 0.111111 0.163781
0.818182 0.111111 0.154590
0.828283 0.111111 0.145459
0.838384 0.111111 0.136416
0.848485 0.111111 0.127443
0.858586 0.111111 0.118571
0.868687 0.111111 0.109878
0.878788 0.111111 0.101262
0.888889 0.111111 0.092659
0.898990 0.111111 0.084132
0.909091 0.111111 0.075716
0.919192 0.111111 0.067307
0.929293 0.111111 0.058935
0.939394 0.111111 0.050585
0.949495 0.111111 0.042183
0.959596 0.111111 0.033825
0.969697 0.111111 0.025365
0.979798 0.111111 0.016938
0.989899 0.111111 0.008465
1.000000 0.111111 0.000000
0.505050 0.121212 0.612288
0.515152 0.121212 0.591782
0.525253 0.121212 0.571578
0.535354 0.121212 0.551783
0.545455 0.121212 0.532453
0.555556 0.121212 0.513658
0.565657 0.121212 0.495430
0.575758 0.121212 0.477779
0.585859 0.121212 0.460699
0.595960 0.121212 0.444042
0.606061 0.121212 0.427884
0.616162 0.121212 0.412168
0.626263 0.121212 0.396897
0.636364 0.121212 0.381925
0.646465 0.121212 0.367332
0.656566 0.121212 0.353103
0.666667 0.121212 0.339239
0.676768 0.121212 0.325743
0.686869 0.121212 0.312627
0.696970 0.121212 0.299974
0.707071 0.121212 0.287663
0.717172 0.121212 0.275647
0.727273 0.121212 0.263948
0.737374 0.121212 0.252473
0.747475 0.121212 0.241260
0.757576 0.121212 0.230237
0.767677 0.121212 0.219432
0.777778 0.121212 0.208844
0.787879 0.121212 0.198472
0.797980 0.121212 0.188228
0.808081 0.121212 0.178121
0.818182 0.121212 0.168097
0.828283 0.121212 0.158214
0.838384 0.121212 0.148314
0.848485 0.121212 0.138537
0.858586 0.121212 0.128905
0.868687 0.121212 0.119411
0.878788 0.121212 0.109979
0.888889 0.121212 0.100571
0.898990 0.121212 0.091404
0.909091 0.121212 0.082245
0.919192 0.121212 0.073123
0.929293 0.121212 0.064042
0.939394 0.121212 0.054925
0.949495 0.121212 0.045860
0.959596 0.121212 0.036666
0.969697 0.121212 0.027543
0.979798 0.121212 0.018352
0.989899 0.121212 0.009163
1.000000 0.121212 0.000000
0.505050 0.131313 0.663549
0.515152 0.131313 0.640741
0.525253 0.131313 0.618361
0.535354 0.131313 0.596528
0.545455 0.131313 0.575327
0.555556 0.131313 0.554757
0.565657 0.131313 0.534851
0.575758 0.131313 0.515598
0.585859 0.131313 0.496925
0.595960 0.131313 0.478860
0.606061 0.131313 0.461356
0.616162 0.131313 0.444398
0.626263 0.131313 0.427839
0.636364 0.131313 0.411735
0.646465 0.131313 0.395990
0.656566 0.131313 0.380698
0.666667 0.131313 0.365736
0.676768 0.131313 0.351211
0.686869 0.131313 0.337120
0.696970 0.131313 0.323474
0.707071 0.131313 0.310155
0.717172 0.131313 0.297213
0.727273 0.131313 0.284583
0.737374 0.131313 0.272258
0.747475 0.131313 0.260191
0.757576 0.131313 0.248339
0.767677 0.131313 0.236716
0.777778 0.131313 0.225288
0.787879 0.131313 0.214164
0.797980 0.131313 0.203178
0.808081 0.131313 0.192248
0.818182 0.131313 0.181465
0.828283 0.131313 0.170711
0.838384 0.131313 0.160090
0.848485 0.131313 0.149546
0.858586 0.131313 0.139101
0.868687 0.131313 0.128889
0.878788 0.131313 0.118673
0.888889 0.131313 0.108619
0.898990 0.131313 0.098669
0.909091 0.131313 0.088750
0.919192 0.131313 0.078895
0.929293 0.131313 0.069013
0.939394 0.131313 0.059213
0.949495 0.131313 0.049312
0.959596 0.131313 0.039438
0.969697 0.131313 0.029594
0.979798 0.131313 0.019766
0.989899 0.131313 0.009861
1.000000 0.131313 0.000000
0.505050 0.141414 0.714498
0.515152 0.141414 0.689263
0.525253 0.141414 0.664596
0.535354 0.141414 0.640735
0.545455 0.141414 0.617569
0.555556 0.141414 0.595240
0.565657 0.141414 0.573618
0.575758 0.141414 0.552736
0.585859 0.141414 0.532543
0.595960 0.141414 0.513088
0.606061 0.141414 0.494284
0.616162 0.141414 0.476023
0.626263 0.141414 0.458326
0.636364 0.141414 0.440990
0.646465 0.141414 0.424194
0.656566 0.141414 0.407757
0.666667 0.141414 0.391794
0.676768 0.141414 0.376254
0.686869 0.141414 0.361168
0.696970 0.141414 0.346543
0.707071 0.141414 0.332268
0.717172 0.141414 0.318444
0.727273 0.141414 0.304912
0.737374 0.141414 0.291774
0.747475 0.141414 0.278907
0.757576 0.141414 0.266243
0.767677 0.141414 0.253806
0.777778 0.141414 0.241632
0.787879 0.141414 0.229719
0.797980 0.141414 0.217901
0.808081 0.141414 0.206228
0.818182 0.141414 0.194583
0.828283 0.141414 0.183075
0.838384 0.141414 0.171726
0.848485 0.141414 0.160456
0.858586 0.141414 0.149344
0.868687 0.141414 0.138372
0.878788 0.141414 0.127412
0.888889 0.141414 0.116563
0.898990 0.141414 0.105853
0.909091 0.141414 0.095191
0.919192 0.141414 0.084520
0.929293 0.141414 0.073900
0.939394 0.141414 0.063309
0.949495 0.141414 0.052738
0.959596 0.141414 0.042154
0.969697 0.141414 0.031628
0.979798 0.141414 0.021078
0.989899 0.141414 0.010516
1.000000 0.141414 0.000000
0.505050 0.151515 0.765000
0.515152 0.151515 0.737217
0.525253 0.151515 0.710287
0.535354 0.151515 0.684249
0.545455 0.151515 0.659191
0.555556 0.151515 0.635017
0.565657 0.151515 0.611684
0.575758 0.151515 0.589186
0.585859 0.151515 0.567534
0.595960 0.151515 0.546667
0.606061 0.151515 0.526559
0.616162 0.151515 0.507083
0.626263 0.151515 0.488126
0.636364 0.151515 0.469707
0.646465 0.151515 0.451794
0.656566 0.151515 0.434343
0.666667 0.151515 0.417368
0.676768 0.151515 0.400845
0.686869 0.151515 0.384852
0.696970 0.151515 0.369262
0.707071 0.151515 0.354143
0.717172 0.151515 0.339385
0.727273 0.151515 0.325031
0.737374 0.151515 0.311020
0.747475 0.151515 0.297362
0.757576 0.151515 0.283920
0.767677 0.151515 0.270703
0.777778 0.151515 0.257714
0.787879 0.151515 0.245001
0.797980 0.151515 0.232480
0.808081 0.151515 0.219947
0.818182 0.151515 0.207565
0.828283 0.151515 0.195335
0.838384 0.151515 0.183282
0.848485 0.151515 0.171297
0.858586 0.151515 0.159450
0.868687 0.151515 0.147684
0.878788 0.151515 0.136042
0.888889 0.151515 0.124444
0.898990 0.151515 0.112988
0.909091 0.151515 0.101509
0.919192 0.151515 0.090092
0.929293 0.151515 0.078735
0.939394 0.151515 0.067385
0.949495 0.151515 0.056111
0.959596 0.151515 0.044812
0.969697 0.151515 0.033620
0.979798 0.151515 0.022402
0.989899 0.151515 0.011197
1.000000 0.151515 0.000000
0.505050 0.161616 0.814800
0.515152 0.161616 0.784402
0.525253 0.161616 0.755088
0.535354 0.161616 0.726959
0.545455 0.161616 0.699930
0.555556 0.161616 0.673917
0.565657 0.161616 0.648915
0.575758 0.161616 0.624850
0.585859 0.161616 0.601741
0.595960 0.161616 0.579558
0.606061 0.161616 0.558204
0.616162 0.161616 0.537445
0.626263 0.161616 0.517387
0.636364 0.161616 0.497861
0.646465 0.161616 0.478931
0.656566 0.161616 0.460441
0.666667 0.161616 0.442489
0.676768 0.161616 0.425075
0.686869 0.161616 0.408132
0.696970 0.161616 0.391687
0.707071 0.161616 0.375659
0.717172 0.161616 0.360046
0.727273 0.161616 0.344809
0.737374 0.161616 0.330025
0.747475 0.161616 0.315599
0.757576 0.161616 0.301343
0.767677 0.161616 0.287373
0.777778 0.161616 0.273600
0.787879 0.161616 0.260093
0.797980 0.161616 0.246749
0.808081 0.161616 0.233515
0.818182 0.161616 0.220379
0.828283 0.161616 0.207419
0.838384 0.161616 0.194643
0.848485 0.161616 0.181999
0.858586 0.161616 0.169358
0.868687 0.161616 0.156875
0.878788 0.161616 0.144475
0.888889 0.161616 0.132185
0.898990 0.161616 0.119936
0.909091 0.161616 0.107765
0.919192 0.161616 0.095642
0.929293 0.161616 0.083562
0.939394 0.161616 0.071534
0.949495 0.161616 0.059508
0.959596 0.161616 0.047585
0.969697 0.161616 0.035636
0.979798 0.161616 0.023767
0.989899 0.161616 0.011869
1.000000 0.161616 0.000000
0.505050 0.171717 0.863518
0.515152 0.171717 0.830505
0.525253 0.171717 0.798844
0.535354 0.171717 0.768570
0.545455 0.171717 0.739577
0.555556 0.171717 0.711808
0.565657 0.171717 0.685127
0.575758 0.171717 0.659559
0.585859 0.171717 0.635101
0.595960 0.171717 0.611621
0.606061 0.171717 0.588974
0.616162 0.171717 0.567107
0.626263 0.171717 0.545929
0.636364 0.171717 0.525418
0.646465 0.171717 0.505420
0.656566 0.171717 0.486002
0.666667 0.171717 0.467137
0.676768 0.171717 0.448833
0.686869 0.171717 0.431003
0.696970 0.171717 0.413695
0.707071 0.171717 0.396801
0.717172 0.171717 0.380332
0.727273 0.171717 0.364291
0.737374 0.171717 0.348670
0.747475 0.171717 0.333433
0.757576 0.171717 0.318481
0.767677 0.171717 0.303731
0.777778 0.171717 0.289221
0.787879 0.171717 0.274953
0.797980 0.171717 0.260911
0.808081 0.171717 0.246874
0.818182 0.171717 0.233016
0.828283 0.171717 0.219353
0.838384 0.171717 0.205871
0.848485 0.171717 0.192434
0.858586 0.171717 0.179109
0.868687 0.171717 0.165883
0.878788 0.171717 0.152799
0.888889 0.171717 0.139767
0.898990 0.171717 0.126807
0.909091 0.171717 0.113968
0.919192 0.171717 0.101151
0.929293 0.171717 0.088415
0.939394 0.171717 0.075680
0.949495 0.171717 0.063020
0.959596 0.171717 0.050385
0.969697 0.171717 0.037756
0.979798 0.171717 0.025161
0.989899 0.171717 0.012579
1.000000 0.171717 0.000000
0.505050 0.181818 0.910889
0.515152 0.181818 0.875221
0.525253 0.181818 0.841215
0.535354 0.181818 0.808865
0.545455 0.181818 0.778000
0.555556 0.181818 0.748468
0.565657 0.181818 0.720226
0.575758 0.181818 0.693277
0.585859 0.181818 0.667483
0.595960 0.181818 0.642750
0.606061 0.181818 0.618966
0.616162 0.181818 0.595982
0.626263 0.181818 0.573806
0.636364 0.181818 0.552240
0.646465 0.181818 0.531327
0.656566 0.181818 0.510969
0.666667 0.181818 0.491225
0.676768 0.181818 0.472018
0.686869 0.181818 0.453351
0.696970 0.181818 0.435208
0.707071 0.181818 0.417518
0.717172 0.181818 0.400228
0.727273 0.181818 0.383353
0.737374 0.181818 0.366999
0.747475 0.181818 0.350982
0.757576 0.181818 0.335314
0.767677 0.181818 0.319850
0.777778 0.181818 0.304614
0.787879 0.181818 0.289588
0.797980 0.181818 0.274749
0.808081 0.181818 0.260052
0.818182 0.181818 0.245482
0.828283 0.181818 0.231106
0.838384 0.181818 0.216861
0.848485 0.181818 0.202758
0.858586 0.181818 0.188682
0.868687 0.181818 0.174750
0.878788 0.181818 0.160979
0.888889 0.181818 0.147279
0.898990 0.181818 0.133670
0.909091 0.181818 0.120150
0.919192 0.181818 0.106684
0.929293 0.181818 0.093267
0.939394 0.181818 0.079866
0.949495 0.181818 0.066506
0.959596 0.181818 0.053166
0.969697 0.181818 0.039841
0.979798 0.181818 0.026553
0.989899 0.181818 0.013285
1.000000 0.181818 0.000000
0.505050 0.191919 0.956538
0.515152 0.191919 0.918273
0.525253 0.191919 0.882060
0.535354 0.191919 0.847676
0.545455 0.191919 0.814996
0.555556 0.191919 0.783836
0.565657 0.191919 0.754167
0.575758 0.191919 0.725842
0.585859 0.191919 0.698822
0.595960 0.191919 0.672930
0.606061 0.191919 0.648012
0.616162 0.191919 0.624050
0.626263 0.191919 0.600834
0.636364 0.191919 0.578407
0.646465 0.191919 0.556510
0.656566 0.191919 0.535321
0.666667 0.191919 0.514690
0.676768 0.191919 0.494662
0.686869 0.191919 0.475213
0.696970 0.191919 0.456269
0.707071 0.191919 0.437800
0.717172 0.191919 0.419710
0.727273 0.191919 0.402169
0.737374 0.191919 0.384989
0.747475 0.191919 0.368321
0.757576 0.191919 0.351943
0.767677 0.191919 0.335756
0.777778 0.191919 0.319797
0.787879 0.191919 0.304019
0.797980 0.191919 0.288447
0.808081 0.191919 0.273012
0.818182 0.191919 0.257754
0.828283 0.191919 0.242668
0.838384 0.191919 0.227710
0.848485 0.191919 0.212859
0.858586 0.191919 0.198112
0.868687 0.191919 0.183546
0.878788 0.191919 0.169088
0.888889 0.191919 0.154715
0.898990 0.191919 0.140446
0.909091 0.191919 0.126269
0.919192 0.191919 0.112167
0.929293 0.191919 0.098054
0.939394 0.191919 0.084012
0.949495 0.191919 0.069942
0.959596 0.191919 0.055930
0.969697 0.191919 0.041909
0.979798 0.191919 0.027923
0.989899 0.191919 0.013961
1.000000 0.191919 0.000000
0.505050 0.202020 1.000120
0.515152 0.202020 0.959431
0.525253 0.202020 0.921074
0.535354 0.202020 0.884818
0.545455 0.202020 0.850472
0.555556 0.202020 0.817819
0.565657 0.202020 0.786763
0.575758 0.202020 0.757234
0.585859 0.202020 0.729035
0.595960 0.202020 0.702026
0.606061 0.202020 0.676103
0.616162 0.202020 0.651161
0.626263 0.202020 0.627071
0.636364 0.202020 0.603686
0.646465 0.202020 0.580983
0.656566 0.202020 0.558977
0.666667 0.202020 0.537552
0.676768 0.202020 0.516800
0.686869 0.202020 0.496572
0.696970 0.202020 0.476935
0.707071 0.202020 0.457703
0.717172 0.202020 0.438973
0.727273 0.202020 0.420622
0.737374 0.202020 0.402814
0.747475 0.202020 0.385369
0.757576 0.202020 0.368285
0.767677 0.202020 0.351433
0.777778 0.202020 0.334725
0.787879 0.202020 0.318243
0.797980 0.202020 0.301907
0.808081 0.202020 0.285795
0.818182 0.202020 0.269855
0.828283 0.202020 0.254099
0.838384 0.202020 0.238404
0.848485 0.202020 0.222855
0.858586 0.202020 0.207473
0.868687 0.202020 0.192232
0.878788 0.202020 0.177085
0.888889 0.202020 0.162046
0.898990 0.202020 0.147140
0.909091 0.202020 0.132313
0.919192 0.202020 0.117505
0.929293 0.202020 0.102772
0.939394 0.202020 0.088022
0.949495 0.202020 0.073318
0.959596 0.202020 0.058601
0.969697 0.202020 0.043940
0.979798 0.202020 0.029265
0.989899 0.202020 0.014637
1.000000 0.202020 0.000000
0.505050 0.212121 1.041191
0.515152 0.212121 0.998255
0.525253 0.212121 0.957978
0.535354 0.212121 0.920051
0.545455 0.212121 0.884195
0.555556 0.212121 0.850207
0.565657 0.212121 0.817980
0.575758 0.212121 0.787298
0.585859 0.212121 0.758043
0.595960 0.212121 0.730037
0.606061 0.212121 0.703227
0.616162 0.212121 0.677419
0.626263 0.212121 0.652459
0.636364 0.212121 0.628282
0.646465 0.212121 0.604835
0.656566 0.212121 0.582052
0.666667 0.212121 0.559939
0.676768 0.212121 0.538416
0.686869 0.212121 0.517567
0.696970 0.212121 0.497194
0.707071 0.212121 0.477325
0.717172 0.212121 0.457856
0.727273 0.212121 0.438879
0.737374 0.212121 0.420277
0.747475 0.212121 0.402188
0.757576 0.212121 0.384395
0.767677 0.212121 0.366791
0.777778 0.212121 0.349430
0.787879 0.212121 0.332174
0.797980 0.212121 0.315142
0.808081 0.212121 0.298350
0.818182 0.212121 0.281769
0.828283 0.212121 0.265296
0.838384 0.212121 0.248953
0.848485 0.212121 0.232736
0.858586 0.212121 0.216693
0.868687 0.212121 0.200784
0.878788 0.212121 0.184974
0.888889 0.212121 0.169289
0.898990 0.212121 0.153756
0.909091 0.212121 0.138221
0.919192 0.212121 0.122770
0.929293 0.212121 0.107350
0.939394 0.212121 0.091984
0.949495 0.212121 0.076571
0.959596 0.212121 0.061214
0.969697 0.212121 0.045885
0.979798 0.212121 0.030558
0.989899 0.212121 0.015281
1.000000 0.212121 0.000000
0.505050 0.222222 1.079300
0.515152 0.222222 1.034435
0.525253 0.222222 0.992534
0.535354 0.222222 0.953148
0.545455 0.222222 0.916051
0.555556 0.222222 0.880943
0.565657 0.222222 0.847653
0.575758 0.222222 0.815996
0.585859 0.222222 0.785804
0.595960 0.222222 0.756975
0.606061 0.222222 0.729350
0.616162 0.222222 0.702744
0.626263 0.222222 0.677062
0.636364 0.222222 0.652158
0.646465 0.222222 0.628023
0.656566 0.222222 0.604556
0.666667 0.222222 0.581738
0.676768 0.222222 0.559627
0.686869 0.222222 0.538086
0.696970 0.222222 0.517081
0.707071 0.222222 0.496546
0.717172 0.222222 0.476446
0.727273 0.222222 0.456762
0.737374 0.222222 0.437526
0.747475 0.222222 0.418712
0.757576 0.222222 0.400151
0.767677 0.222222 0.381906
0.777778 0.222222 0.363774
0.787879 0.222222 0.345882
0.797980 0.222222 0.328179
0.808081 0.222222 0.310695
0.818182 0.222222 0.293447
0.828283 0.222222 0.276361
0.838384 0.222222 0.259326
0.848485 0.222222 0.242443
0.858586 0.222222 0.225771
0.868687 0.222222 0.209236
0.878788 0.222222 0.192746
0.888889 0.222222 0.176381
0.898990 0.222222 0.160192
0.909091 0.222222 0.144046
0.919192 0.222222 0.127909
0.929293 0.222222 0.111873
0.939394 0.222222 0.095806
0.949495 0.222222 0.079767
0.959596 0.222222 0.063783
0.969697 0.222222 0.047827
0.979798 0.222222 0.031862
0.989899 0.222222 0.015929
1.000000 0.222222 0.000000
0.505050 0.232323 1.114006
0.515152 0.232323 1.067650
0.525253 0.232323 1.024416
0.535354 0.232323 0.983958
0.545455 0.232323 0.945849
0.555556 0.232323 0.909862
0.565657 0.232323 0.875710
0.575758 0.232323 0.843229
0.585859 0.232323 0.812296
0.595960 0.232323 0.782711
0.606061 0.232323 0.754415
0.616162 0.232323 0.727145
0.626263 0.232323 0.700788
0.636364 0.232323 0.675266
0.646465 0.232323 0.650491
0.656566 0.232323 0.626410
0.666667 0.232323 0.603006
0.676768 0.232323 0.580269
0.686869 0.232323 0.558102
0.696970 0.232323 0.536498
0.707071 0.232323 0.515322
0.717172 0.232323 0.494621
0.727273 0.232323 0.474271
0.737374 0.232323 0.454354
0.747475 0.232323 0.434826
0.757576 0.232323 0.415591
0.767677 0.232323 0.396612
0.777778 0.232323 0.377876
0.787879 0.232323 0.359315
0.797980 0.232323 0.340997
0.808081 0.232323 0.322865
0.818182 0.232323 0.304962
0.828283 0.232323 0.287188
0.838384 0.232323 0.269549
0.848485 0.232323 0.252049
0.858586 0.232323 0.234711
0.868687 0.232323 0.217510
0.878788 0.232323 0.200394
0.888889 0.232323 0.183417
0.898990 0.232323 0.166585
0.909091 0.232323 0.149743
0.919192 0.232323 0.132948
0.929293 0.232323 0.116276
0.939394 0.232323 0.099600
0.949495 0.232323 0.082936
0.959596 0.232323 0.066322
0.969697 0.232323 0.049717
0.979798 0.232323 0.033134
0.989899 0.232323 0.016563
1.000000 0.232323 0.000000
0.505050 0.242424 1.145014
0.515152 0.242424 1.097622
0.525253 0.242424 1.053524
0.535354 0.242424 1.012288
0.545455 0.242424 0.973526
0.555556 0.242424 0.936863
0.565657 0.242424 0.902097
0.575758 0.242424 0.868989
0.585859 0.242424 0.837440
0.595960 0.242424 0.807315
0.606061 0.242424 0.778455
0.616162 0.242424 0.750560
0.626263 0.242424 0.723680
0.636364 0.242424 0.697557
0.646465 0.242424 0.672267
0.656566 0.242424 0.647567
0.666667 0.242424 0.623607
0.676768 0.242424 0.600276
0.686869 0.242424 0.577553
0.696970 0.242424 0.555339
0.707071 0.242424 0.533625
0.717172 0.242424 0.512275
0.727273 0.242424 0.491348
0.737374 0.242424 0.470806
0.747475 0.242424 0.450646
0.757576 0.242424 0.430704
0.767677 0.242424 0.411076
0.777778 0.242424 0.391662
0.787879 0.242424 0.372504
0.797980 0.242424 0.353579
0.808081 0.242424 0.334805
0.818182 0.242424 0.316269
0.828283 0.242424 0.297879
0.838384 0.242424 0.279621
0.848485 0.242424 0.261494
0.858586 0.242424 0.243532
0.868687 0.242424 0.225700
0.878788 0.242424 0.207956
0.888889 0.242424 0.190308
0.898990 0.242424 0.172828
0.909091 0.242424 0.155394
0.919192 0.242424 0.137991
0.929293 0.242424 0.120681
0.939394 0.242424 0.103354
0.949495 0.242424 0.086057
0.959596 0.242424 0.068825
0.969697 0.242424 0.051584
0.979798 0.242424 0.034388
0.989899 0.242424 0.017187
1.000000 0.242424 0.000000
0.505050 0.252525 1.172167
0.515152 0.252525 1.124300
0.525253 0.252525 1.079759
0.535354 0.252525 1.038144
0.545455 0.252525 0.998966
0.555556 0.252525 0.961969
0.565657 0.252525 0.926715
0.575758 0.252525 0.893189
0.585859 0.252525 0.861218
0.595960 0.252525 0.830652
0.606061 0.252525 0.801267
0.616162 0.252525 0.772961
0.626263 0.252525 0.745545
0.636364 0.252525 0.719014
0.646465 0.252525 0.693129
0.656566 0.252525 0.667985
0.666667 0.252525 0.643492
0.676768 0.252525 0.619675
0.686869 0.252525 0.596385
0.696970 0.252525 0.573678
0.707071 0.252525 0.551368
0.717172 0.252525 0.529507
0.727273 0.252525 0.507991
0.737374 0.252525 0.486878
0.747475 0.252525 0.466045
0.757576 0.252525 0.445502
0.767677 0.252525 0.425216
0.777778 0.252525 0.405193
0.787879 0.252525 0.385485
0.797980 0.252525 0.366009
0.808081 0.252525 0.346618
0.818182 0.252525 0.327428
0.828283 0.252525 0.308423
0.838384 0.252525 0.289561
0.848485 0.252525 0.270845
0.858586 0.252525 0.252225
0.868687 0.252525 0.233778
0.878788 0.252525 0.215423
0.888889 0.252525 0.197177
0.898990 0.252525 0.179025
0.909091 0.252525 0.160964
0.919192 0.252525 0.142938
0.929293 0.252525 0.125005
0.939394 0.252525 0.107079
0.949495 0.252525 0.089186
0.959596 0.252525 0.071336
0.969697 0.252525 0.053475
0.979798 0.252525 0.035648
0.989899 0.252525 0.017824
1.000000 0.252525 0.000000
0.505050 0.262626 1.195396
0.515152 0.262626 1.147592
0.525253 0.262626 1.103069
0.535354 0.262626 1.061418
0.545455 0.262626 1.022226
0.555556 0.262626 0.984985
0.565657 0.262626 0.949606
0.575758 0.262626 0.915822
0.585859 0.262626 0.883589
0.595960 0.262626 0.852686
0.606061 0.262626 0.823001
0.616162 0.262626 0.794274
0.626263 0.262626 0.766528
0.636364 0.262626 0.739509
0.646465 0.262626 0.713252
0.656566 0.262626 0.687637
0.666667 0.262626 0.662702
0.676768 0.262626 0.638382
0.686869 0.262626 0.614633
0.696970 0.262626 0.591419
0.707071 0.262626 0.568660
0.717172 0.262626 0.546246
0.727273 0.262626 0.524230
0.737374 0.262626 0.502537
0.747475 0.262626 0.481153
0.757576 0.262626 0.460002
0.767677 0.262626 0.439093
0.777778 0.262626 0.418535
0.787879 0.262626 0.398236
0.797980 0.262626 0.378169
0.808081 0.262626 0.358230
0.818182 0.262626 0.338442
0.828283 0.262626 0.318824
0.838384 0.262626 0.299395
0.848485 0.262626 0.280100
0.858586 0.262626 0.260865
0.868687 0.262626 0.241765
0.878788 0.262626 0.222819
0.888889 0.262626 0.203950
0.898990 0.262626 0.185190
0.909091 0.262626 0.166501
0.919192 0.262626 0.147888
0.929293 0.262626 0.129323
0.939394 0.262626 0.110784
0.949495 0.262626 0.092272
0.959596 0.262626 0.073806
0.969697 0.262626 0.055333
0.979798 0.262626 0.036890
0.989899 0.262626 0.018460
1.000000 0.262626 0.000000
0.505050 0.272727 1.214760
0.515152 0.272727 1.167603
0.525253 0.272727 1.123555
0.535354 0.272727 1.082234
0.545455 0.272727 1.043185
0.555556 0.272727 1.006142
0.565657 0.272727 0.970711
0.575758 0.272727 0.936904
0.585859 0.272727 0.904550
0.595960 0.272727 0.873501
0.606061 0.272727 0.843534
0.616162 0.272727 0.814607
0.626263 0.272727 0.786511
0.636364 0.272727 0.759241
0.646465 0.272727 0.732568
0.656566 0.272727 0.706610
0.666667 0.272727 0.681259
0.676768 0.272727 0.656519
0.686869 0.272727 0.632356
0.696970 0.272727 0.608703
0.707071 0.272727 0.585456
0.717172 0.272727 0.562588
0.727273 0.272727 0.540078
0.737374 0.272727 0.517888
0.747475 0.272727 0.495944
0.757576 0.272727 0.474259
0.767677 0.272727 0.452796
0.777778 0.272727 0.431617
0.787879 0.272727 0.410807
0.797980 0.272727 0.390201
0.808081 0.272727 0.369673
0.818182 0.272727 0.349285
0.828283 0.272727 0.329122
0.838384 0.272727 0.309095
0.848485 0.272727 0.289193
0.858586 0.272727 0.269369
0.868687 0.272727 0.249692
0.878788 0.272727 0.230138
0.888889 0.272727 0.210670
0.898990 0.272727 0.191285
0.909091 0.272727 0.172007
0.919192 0.272727 0.152792
0.929293 0.272727 0.133609
0.939394 0.272727 0.114462
0.949495 0.272727 0.095352
0.959596 0.272727 0.076281
0.969697 0.272727 0.057193
0.979798 0.272727 0.038117
0.989899 0.272727 0.019070
1.000000 0.272727 0.000000
0.505050 0.282828 1.230562
0.515152 0.282828 1.184511
0.525253 0.282828 1.141314
0.535354 0.282828 1.100640
0.545455 0.282828 1.062137
0.555556 0.282828 1.025334
0.565657 0.282828 0.990192
0.575758 0.282828 0.956517
0.585859 0.282828 0.924206
0.595960 0.282828 0.893084
0.606061 0.282828 0.863027
0.616162 0.282828 0.833935
0.626263 0.282828 0.805667
0.636364 0.282828 0.778101
0.646465 0.282828 0.751169
0.656566 0.282828 0.724918
0.666667 0.282828 0.699206
0.676768 0.282828 0.674144
0.686869 0.282828 0.649568
0.696970 0.282828 0.625533
0.707071 0.282828 0.601872
0.717172 0.282828 0.578574
0.727273 0.282828 0.555607
0.737374 0.282828 0.532904
0.747475 0.282828 0.510474
0.757576 0.282828 0.488246
0.767677 0.282828 0.466216
0.777778 0.282828 0.444580
0.787879 0.282828 0.423172
0.797980 0.282828 0.402006
0.808081 0.282828 0.380977
0.818182 0.282828 0.360037
0.828283 0.282828 0.339282
0.838384 0.282828 0.318678
0.848485 0.282828 0.298209
0.858586 0.282828 0.277788
0.868687 0.282828 0.257494
0.878788 0.282828 0.237358
0.888889 0.282828 0.217308
0.898990 0.282828 0.197342
0.909091 0.282828 0.177451
0.919192 0.282828 0.157631
0.929293 0.282828 0.137858
0.939394 0.282828 0.118110
0.949495 0.282828 0.098393
0.959596 0.282828 0.078707
0.969697 0.282828 0.059040
0.979798 0.282828 0.039346
0.989899 0.282828 0.019701
1.000000 0.282828 0.000000
0.505050 0.292929 1.243047
0.515152 0.292929 1.198565
0.525253 0.292929 1.156625
0.535354 0.292929 1.116873
0.545455 0.292929 1.079051
0.555556 0.292929 1.042866
0.565657 0.292929 1.008145
0.575758 0.292929 0.974767
0.585859 0.292929 0.942651
0.595960 0.292929 0.911603
0.606061 0.292929 0.881588
0.616162 0.292929 0.852440
0.626263 0.292929 0.824049
0.636364 0.292929 0.796328
0.646465 0.292929 0.769217
0.656566 0.292929 0.742686
0.666667 0.292929 0.716732
0.676768 0.292929 0.691283
0.686869 0.292929 0.666439
0.696970 0.292929 0.641990
0.707071 0.292929 0.617962
0.717172 0.292929 0.594229
0.727273 0.292929 0.570826
0.737374 0.292929 0.547648
0.747475 0.292929 0.524758
0.757576 0.292929 0.502036
0.767677 0.292929 0.479567
0.777778 0.292929 0.457314
0.787879 0.292929 0.435414
0.797980 0.292929 0.413672
0.808081 0.292929 0.392083
0.818182 0.292929 0.370606
0.828283 0.292929 0.349314
0.838384 0.292929 0.328128
0.848485 0.292929 0.307048
0.858586 0.292929 0.286080
0.868687 0.292929 0.265231
0.878788 0.292929 0.244493
0.888889 0.292929 0.223851
0.898990 0.292929 0.203326
0.909091 0.292929 0.182836
0.919192 0.292929 0.162422
0.929293 0.292929 0.142047
0.939394 0.292929 0.121728
0.949495 0.292929 0.101396
0.959596 0.292929 0.081112
0.969697 0.292929 0.060817
0.979798 0.292929 0.040526
0.989899 0.292929 0.020270
1.000000 0.292929 0.000000
0.505050 0.303030 1.252808
0.515152 0.303030 1.210227
0.525253 0.303030 1.169746
0.535354 0.303030 1.131198
0.545455 0.303030 1.094328
0.555556 0.303030 1.058870
0.565657 0.303030 1.024753
0.575758 0.303030 0.991845
0.585859 0.303030 0.960028
0.595960 0.303030 0.929205
0.606061 0.303030 0.899282
0.616162 0.303030 0.870182
0.626263 0.303030 0.841761
0.636364 0.303030 0.813946
0.646465 0.303030 0.786683
0.656566 0.303030 0.759990
0.666667 0.303030 0.733752
0.676768 0.303030 0.708129
0.686869 0.303030 0.682913
0.696970 0.303030 0.658184
0.707071 0.303030 0.633757
0.717172 0.303030 0.609671
0.727273 0.303030 0.585820
0.737374 0.303030 0.562232
0.747475 0.303030 0.538875
0.757576 0.303030 0.515699
0.767677 0.303030 0.492702
0.777778 0.303030 0.470017
0.787879 0.303030 0.447499
0.797980 0.303030 0.425235
0.808081 0.303030 0.403078
0.818182 0.303030 0.381102
0.828283 0.303030 0.359242
0.838384 0.303030 0.337472
0.848485 0.303030 0.315776
0.858586 0.303030 0.294264
0.868687 0.303030 0.272858
0.878788 0.303030 0.251524
0.888889 0.303030 0.230277
0.898990 0.303030 0.209183
0.909091 0.303030 0.188145
0.919192 0.303030 0.167122
0.929293 0.303030 0.146181
0.939394 0.303030 0.125245
0.949495 0.303030 0.104352
0.959596 0.303030 0.083441
0.969697 0.303030 0.062591
0.979798 0.303030 0.041707
0.989899 0.303030 0.020852
1.000000 0.303030 0.000000
0.505050 0.313131 1.260238
0.515152 0.313131 1.219789
0.525253 0.313131 1.181038
0.535354 0.313131 1.143846
0.545455 0.313131 1.108056
0.555556 0.313131 1.073531
0.565657 0.313131 1.040155
0.575758 0.313131 1.007830
0.585859 0.313131 0.976438
0.595960 0.313131 0.945908
0.606061 0.313131 0.916236
0.616162 0.313131 0.887243
0.626263 0.313131 0.858863
0.636364 0.313131 0.831010
0.646465 0.313131 0.803708
0.656566 0.313131 0.776838
0.666667 0.313131 0.750495
0.676768 0.313131 0.724567
0.686869 0.313131 0.699159
0.696970 0.313131 0.674075
0.707071 0.313131 0.649354
0.717172 0.313131 0.624878
0.727273 0.313131 0.600628
0.737374 0.313131 0.576586
0.747475 0.313131 0.552820
0.757576 0.313131 0.529182
0.767677 0.313131 0.505802
0.777778 0.313131 0.482556
0.787879 0.313131 0.459568
0.797980 0.313131 0.436689
0.808081 0.313131 0.414026
0.818182 0.313131 0.391483
0.828283 0.313131 0.369083
0.838384 0.313131 0.346743
0.848485 0.313131 0.324484
0.858586 0.313131 0.302341
0.868687 0.313131 0.280390
0.878788 0.313131 0.258470
0.888889 0.313131 0.236669
0.898990 0.313131 0.214984
0.909091 0.313131 0.193341
0.919192 0.313131 0.171741
0.929293 0.313131 0.150202
0.939394 0.313131 0.128718
0.949495 0.313131 0.107194
0.959596 0.313131 0.085708
0.969697 0.313131 0.064270
0.979798 0.313131 0.042859
0.989899 0.313131 0.021411
1.000000 0.313131 0.000000
0.505050 0.323232 1.265890
0.515152 0.323232 1.227678
0.525253 0.323232 1.190770
0.535354 0.323232 1.155066
0.545455 0.323232 1.120519
0.555556 0.323232 1.087016
0.565657 0.323232 1.054504
0.575758 0.323232 1.022833
0.585859 0.323232 0.991985
0.595960 0.323232 0.961884
0.606061 0.323232 0.932511
0.616162 0.323232 0.903689
0.626263 0.323232 0.875440
0.636364 0.323232 0.847624
0.646465 0.323232 0.820300
0.656566 0.323232 0.793346
0.666667 0.323232 0.766824
0.676768 0.323232 0.740769
0.686869 0.323232 0.715079
0.696970 0.323232 0.689757
0.707071 0.323232 0.664707
0.717172 0.323232 0.639877
0.727273 0.323232 0.615227
0.737374 0.323232 0.590835
0.747475 0.323232 0.566638
0.757576 0.323232 0.542614
0.767677 0.323232 0.518768
0.777778 0.323232 0.495077
0.787879 0.323232 0.471528
0.797980 0.323232 0.448143
0.808081 0.323232 0.424854
0.818182 0.323232 0.401821
0.828283 0.323232 0.378866
0.838384 0.323232 0.355961
0.848485 0.323232 0.333076
0.858586 0.323232 0.310441
0.868687 0.323232 0.287889
0.878788 0.323232 0.265391
0.888889 0.323232 0.242944
0.898990 0.323232 0.220700
0.909091 0.323232 0.198494
0.919192 0.323232 0.176302
0.929293 0.323232 0.154169
0.939394 0.323232 0.132069
0.949495 0.323232 0.109999
0.959596 0.323232 0.087935
0.969697 0.323232 0.065922
0.979798 0.323232 0.043935
0.989899 0.323232 0.021931
1.000000 0.323232 0.000000
0.505050 0.333333 1.270145
0.515152 0.333333 1.234262
0.525253 0.333333 1.199228
0.535354 0.333333 1.165131
0.545455 0.333333 1.131879
0.555556 0.333333 1.099510
0.565657 0.333333 1.067884
0.575758 0.333333 1.037012
0.585859 0.333333 1.006738
0.595960 0.333333 0.977134
0.606061 0.333333 0.948091
0.616162 0.333333 0.919561
0.626263 0.333333 0.891441
0.636364 0.333333 0.863748
0.646465 0.333333 0.836416
0.656566 0.333333 0.809424
0.666667 0.333333 0.782847
0.676768 0.333333 0.756607
0.686869 0.333333 0.730746
0.696970 0.333333 0.705167
0.707071 0.333333 0.679836
0.717172 0.333333 0.654696
0.727273 0.333333 0.629686
0.737374 0.333333 0.604892
0.747475 0.333333 0.580302
0.757576 0.333333 0.555869
0.767677 0.333333 0.531602
0.777778 0.333333 0.507454
0.787879 0.333333 0.483419
0.797980 0.333333 0.459501
0.808081 0.333333 0.435715
0.818182 0.333333 0.412081
0.828283 0.333333 0.388584
0.838384 0.333333 0.365160
0.848485 0.333333 0.341760
0.858586 0.333333 0.318459
0.868687 0.333333 0.295345
0.878788 0.333333 0.272260
0.888889 0.333333 0.249286
0.898990 0.333333 0.226379
0.909091 0.333333 0.203592
0.919192 0.333333 0.180803
0.929293 0.333333 0.158097
0.939394 0.333333 0.135392
0.949495 0.333333 0.112748
0.959596 0.333333 0.090112
0.969697 0.333333 0.067560
0.979798 0.333333 0.045027
0.989899 0.333333 0.022500
1.000000 0.333333 0.000000
0.505050 0.343434 1.273484
0.515152 0.343434 1.239846
0.525253 0.343434 1.206750
0.535354 0.343434 1.174244
0.545455 0.343434 1.142356
0.555556 0.343434 1.111137
0.565657 0.343434 1.080511
0.575758 0.343434 1.050401
0.585859 0.343434 1.020823
0.595960 0.343434 0.991757
0.606061 0.343434 0.963159
0.616162 0.343434 0.934890
0.626263 0.343434 0.907016
0.636364 0.343434 0.879440
0.646465 0.343434 0.852193
0.656566 0.343434 0.825204
0.666667 0.343434 0.798533
0.676768 0.343434 0.772202
0.686869 0.343434 0.746130
0.696970 0.343434 0.720356
0.707071 0.343434 0.694773
0.717172 0.343434 0.669285
0.727273 0.343434 0.643932
0.737374 0.343434 0.618798
0.747475 0.343434 0.593811
0.757576 0.343434 0.569003
0.767677 0.343434 0.544318
0.777778 0.343434 0.519700
0.787879 0.343434 0.495192
0.797980 0.343434 0.470772
0.808081 0.343434 0.446425
0.818182 0.343434 0.422276
0.828283 0.343434 0.398228
0.838384 0.343434 0.374246
0.848485 0.343434 0.350346
0.858586 0.343434 0.326509
0.868687 0.343434 0.302773
0.878788 0.343434 0.279138
0.888889 0.343434 0.255563
0.898990 0.343434 0.232110
0.909091 0.343434 0.208692
0.919192 0.343434 0.185342
0.929293 0.343434 0.162024
0.939394 0.343434 0.138765
0.949495 0.343434 0.115491
0.959596 0.343434 0.092354
0.969697 0.343434 0.069178
0.979798 0.343434 0.046120
0.989899 0.343434 0.023041
1.000000 0.343434 0.000000
0.505050 0.353535 1.276358
0.515152 0.353535 1.244886
0.525253 0.353535 1.213663
0.535354 0.353535 1.182737
0.545455 0.353535 1.152261
0.555556 0.353535 1.122173
0.565657 0.353535 1.092533
0.575758 0.353535 1.063258
0.585859 0.353535 1.034403
0.595960 0.353535 1.005910
0.606061 0.353535 0.977730
0.616162 0.353535 0.949824
0.626263 0.353535 0.922187
0.636364 0.353535 0.894804
0.646465 0.353535 0.867617
0.656566 0.353535 0.840665
0.666667 0.353535 0.813983
0.676768 0.353535 0.787536
0.686869 0.353535 0.761337
0.696970 0.353535 0.735354
0.707071 0.353535 0.709496
0.717172 0.353535 0.683739
0.727273 0.353535 0.658082
0.737374 0.353535 0.632558
0.747475 0.353535 0.607232
0.757576 0.353535 0.582012
0.767677 0.353535 0.556894
0.777778 0.353535 0.531837
0.787879 0.353535 0.506855
0.797980 0.353535 0.481969
0.808081 0.353535 0.457115
0.818182 0.353535 0.432372
0.828283 0.353535 0.407771
0.838384 0.353535 0.383249
0.848485 0.353535 0.358830
0.858586 0.353535 0.334458
0.868687 0.353535 0.310165
0.878788 0.353535 0.285955
0.888889 0.353535 0.261838
0.898990 0.353535 0.237805
0.909091 0.353535 0.213816
0.919192 0.353535 0.189848
0.929293 0.353535 0.166022
0.939394 0.353535 0.142152
0.949495 0.353535 0.118380
0.959596 0.353535 0.094633
0.969697 0.353535 0.070933
0.979798 0.353535 0.047235
0.989899 0.353535 0.023629
1.000000 0.353535 0.000000
0.505050 0.363636 1.279093
0.515152 0.363636 1.249728
0.525253 0.363636 1.220280
0.535354 0.363636 1.190971
0.545455 0.363636 1.161778
0.555556 0.363636 1.132888
0.565657 0.363636 1.104189
0.575758 0.363636 1.075783
0.585859 0.363636 1.047619
0.595960 0.363636 1.019726
0.606061 0.363636 0.992027
0.616162 0.363636 0.964466
0.626263 0.363636 0.937102
0.636364 0.363636 0.909881
0.646465 0.363636 0.882808
0.656566 0.363636 0.855924
0.666667 0.363636 0.829198
0.676768 0.363636 0.802694
0.686869 0.363636 0.776327
0.696970 0.363636 0.750184
0.707071 0.363636 0.724118
0.717172 0.363636 0.698066
0.727273 0.363636 0.672101
0.737374 0.363636 0.646266
0.747475 0.363636 0.620547
0.757576 0.363636 0.594951
0.767677 0.363636 0.569409
0.777778 0.363636 0.543889
0.787879 0.363636 0.518422
0.797980 0.363636 0.493060
0.808081 0.363636 0.467695
0.818182 0.363636 0.442448
0.828283 0.363636 0.417235
0.838384 0.363636 0.392201
0.848485 0.363636 0.367268
0.858586 0.363636 0.342327
0.868687 0.363636 0.317474
0.878788 0.363636 0.292720
0.888889 0.363636 0.268028
0.898990 0.363636 0.243472
0.909091 0.363636 0.218918
0.919192 0.363636 0.194462
0.929293 0.363636 0.170066
0.939394 0.363636 0.145649
0.949495 0.363636 0.121245
0.959596 0.363636 0.096974
0.969697 0.363636 0.072685
0.979798 0.363636 0.048447
0.989899 0.363636 0.024239
1.000000 0.363636 0.000000
0.505050 0.373737 1.282098
0.515152 0.373737 1.254652
0.525253 0.373737 1.226924
0.535354 0.373737 1.199091
0.545455 0.373737 1.171244
0.555556 0.373737 1.143413
0.565657 0.373737 1.115697
0.575758 0.373737 1.088064
0.585859 0.373737 1.060662
0.595960 0.373737 1.033345
0.606061 0.373737 1.006098
0.616162 0.373737 0.978910
0.626263 0.373737 0.951828
0.636364 0.373737 0.924812
0.646465 0.373737 0.897863
0.656566 0.373737 0.871026
0.666667 0.373737 0.844303
0.676768 0.373737 0.817715
0.686869 0.373737 0.791243
0.696970 0.373737 0.764938
0.707071 0.373737 0.738579
0.717172 0.373737 0.712307
0.727273 0.373737 0.686032
0.737374 0.373737 0.659859
0.747475 0.373737 0.633809
0.757576 0.373737 0.607835
0.767677 0.373737 0.581851
0.777778 0.373737 0.555889
0.787879 0.373737 0.529990
0.797980 0.373737 0.504155
0.808081 0.373737 0.478302
0.818182 0.373737 0.452491
0.828283 0.373737 0.426747
0.838384 0.373737 0.401052
0.848485 0.373737 0.375590
0.858586 0.373737 0.350109
0.868687 0.373737 0.324764
0.878788 0.373737 0.299425
0.888889 0.373737 0.274251
0.898990 0.373737 0.249139
0.909091 0.373737 0.224058
0.919192 0.373737 0.199014
0.929293 0.373737 0.174071
0.939394 0.373737 0.149132
0.949495 0.373737 0.124201
0.959596 0.373737 0.099334
0.969697 0.373737 0.074457
0.979798 0.373737 0.049628
0.989899 0.373737 0.024810
1.000000 0.373737 0.000000
0.505050 0.383838 1.285446
0.515152 0.383838 1.259770
0.525253 0.383838 1.233672
0.535354 0.383838 1.207296
0.545455 0.383838 1.180693
0.555556 0.383838 1.153954
0.565657 0.383838 1.127121
0.575758 0.383838 1.100369
0.585859 0.383838 1.073619
0.595960 0.383838 1.046883
0.606061 0.383838 1.020108
0.616162 0.383838 0.993297
0.626263 0.383838 0.966490
0.636364 0.383838 0.939646
0.646465 0.383838 0.912806
0.656566 0.383838 0.886031
0.666667 0.383838 0.859271
0.676768 0.383838 0.832609
0.686869 0.383838 0.805991
0.696970 0.383838 0.779478
0.707071 0.383838 0.752951
0.717172 0.383838 0.726389
0.727273 0.383838 0.699860
0.737374 0.383838 0.673376
0.747475 0.383838 0.646995
0.757576 0.383838 0.620609
0.767677 0.383838 0.594270
0.777778 0.383838 0.567834
0.787879 0.383838 0.541494
0.797980 0.383838 0.515159
0.808081 0.383838 0.488867
0.818182 0.383838 0.462523
0.828283 0.383838 0.436209
0.838384 0.383838 0.410044
0.848485 0.383838 0.383930
0.858586 0.383838 0.357960
0.868687 0.383838 0.332046
0.878788 0.383838 0.306225
0.888889 0.383838 0.280411
0.898990 0.383838 0.254792
0.909091 0.383838 0.229161
0.919192 0.383838 0.203612
0.929293 0.383838 0.178072
0.939394 0.383838 0.152562
0.949495 0.383838 0.127094
0.959596 0.383838 0.101604
0.969697 0.383838 0.076180
0.979798 0.383838 0.050763
0.989899 0.383838 0.025373
1.000000 0.383838 0.000000
0.505050 0.393939 1.289330
0.515152 0.393939 1.265307
0.525253 0.393939 1.240736
0.535354 0.393939 1.215730
0.545455 0.393939 1.190303
0.555556 0.393939 1.164591
0.565657 0.393939 1.138691
0.575758 0.393939 1.112672
0.585859 0.393939 1.086632
0.595960 0.393939 1.060461
0.606061 0.393939 1.034123
0.616162 0.393939 1.007680
0.626263 0.393939 0.981133
0.636364 0.393939 0.954477
0.646465 0.393939 0.927783
0.656566 0.393939 0.901021
0.666667 0.393939 0.874267
0.676768 0.393939 0.847459
0.686869 0.393939 0.820760
0.696970 0.393939 0.794033
0.707071 0.393939 0.767253
0.717172 0.393939 0.740439
0.727273 0.393939 0.713606
0.737374 0.393939 0.686789
0.747475 0.393939 0.660049
0.757576 0.393939 0.633335
0.767677 0.393939 0.606503
0.777778 0.393939 0.579682
0.787879 0.393939 0.552876
0.797980 0.393939 0.526119
0.808081 0.393939 0.499315
0.818182 0.393939 0.472525
0.828283 0.393939 0.445717
0.838384 0.393939 0.418984
0.848485 0.393939 0.392354
0.858586 0.393939 0.365756
0.868687 0.393939 0.339374
0.878788 0.393939 0.313017
0.888889 0.393939 0.286719
0.898990 0.393939 0.260456
0.909091 0.393939 0.234303
0.919192 0.393939 0.208203
0.929293 0.393939 0.182047
0.939394 0.393939 0.155949
0.949495 0.393939 0.129891
0.959596 0.393939 0.103810
0.969697 0.393939 0.077843
0.979798 0.393939 0.051870
0.989899 0.393939 0.025928
1.000000 0.393939 0.000000
0.505050 0.404040 1.293928
0.515152 0.404040 1.271434
0.525253 0.404040 1.248234
0.535354 0.404040 1.224481
0.545455 0.404040 1.200198
0.555556 0.404040 1.175454
0.565657 0.404040 1.150382
0.575758 0.404040 1.125187
0.585859 0.404040 1.099775
0.595960 0.404040 1.074126
0.606061 0.404040 1.048243
0.616162 0.404040 1.022158
0.626263 0.404040 0.995886
0.636364 0.404040 0.969425
0.646465 0.404040 0.942828
0.656566 0.404040 0.916137
0.666667 0.404040 0.889318
0.676768 0.404040 0.862470
0.686869 0.404040 0.835555
0.696970 0.404040 0.808624
0.707071 0.404040 0.781587
0.717172 0.404040 0.754501
0.727273 0.404040 0.727334
0.737374 0.404040 0.700212
0.747475 0.404040 0.673077
0.757576 0.404040 0.645934
0.767677 0.404040 0.618725
0.777778 0.404040 0.591451
0.787879 0.404040 0.564208
0.797980 0.404040 0.536959
0.808081 0.404040 0.509750
0.818182 0.404040 0.482424
0.828283 0.404040 0.455149
0.838384 0.404040 0.427948
0.848485 0.404040 0.400747
0.858586 0.404040 0.373683
0.868687 0.404040 0.346677
0.878788 0.404040 0.319811
0.888889 0.404040 0.292993
0.898990 0.404040 0.266144
0.909091 0.404040 0.239395
0.919192 0.404040 0.212683
0.929293 0.404040 0.185964
0.939394 0.404040 0.159332
0.949495 0.404040 0.132711
0.959596 0.404040 0.106100
0.969697 0.404040 0.079512
0.979798 0.404040 0.052997
0.989899 0.404040 0.026470
1.000000 0.404040 0.000000
0.505050 0.414141 1.299461
0.515152 0.414141 1.278268
0.525253 0.414141 1.256385
0.535354 0.414141 1.233764
0.545455 0.414141 1.210496
0.555556 0.414141 1.186647
0.565657 0.414141 1.162455
0.575758 0.414141 1.137919
0.585859 0.414141 1.113134
0.595960 0.414141 1.088024
0.606061 0.414141 1.062548
0.616162 0.414141 1.036823
0.626263 0.414141 1.010765
0.636364 0.414141 0.984508
0.646465 0.414141 0.958019
0.656566 0.414141 0.931379
0.666667 0.414141 0.904524
0.676768 0.414141 0.877547
0.686869 0.414141 0.850501
0.696970 0.414141 0.823321
0.707071 0.414141 0.796049
0.717172 0.414141 0.768647
0.727273 0.414141 0.741194
0.737374 0.414141 0.713648
0.747475 0.414141 0.686163
0.757576 0.414141 0.658601
0.767677 0.414141 0.630916
0.777778 0.414141 0.603189
0.787879 0.414141 0.575474
0.797980 0.414141 0.547760
0.808081 0.414141 0.520047
0.818182 0.414141 0.492273
0.828283 0.414141 0.464578
0.838384 0.414141 0.436911
0.848485 0.414141 0.409217
0.858586 0.414141 0.381552
0.868687 0.414141 0.354006
0.878788 0.414141 0.326556
0.888889 0.414141 0.299126
0.898990 0.414141 0.271734
0.909091 0.414141 0.244428
0.919192 0.414141 0.217172
0.929293 0.414141 0.189908
0.939394 0.414141 0.162703
0.949495 0.414141 0.135537
0.959596 0.414141 0.108368
0.969697 0.414141 0.081253
0.979798 0.414141 0.054138
0.989899 0.414141 0.027064
1.000000 0.414141 0.000000
0.505050 0.424242 1.306006
0.515152 0.424242 1.286064
0.525253 0.424242 1.265274
0.535354 0.424242 1.243688
0.545455 0.424242 1.221376
0.555556 0.424242 1.198377
0.565657 0.424242 1.174872
0.575758 0.424242 1.151048
0.585859 0.424242 1.126817
0.595960 0.424242 1.102146
0.606061 0.424242 1.077102
0.616162 0.424242 1.051640
0.626263 0.424242 1.025841
0.636364 0.424242 0.999722
0.646465 0.424242 0.973359
0.656566 0.424242 0.946714
0.666667 0.424242 0.919852
0.676768 0.424242 0.892787
0.686869 0.424242 0.865580
0.696970 0.424242 0.838170
0.707071 0.424242 0.810640
0.717172 0.424242 0.782948
0.727273 0.424242 0.755146
0.737374 0.424242 0.727256
0.747475 0.424242 0.699325
0.757576 0.424242 0.671277
0.767677 0.424242 0.643151
0.777778 0.424242 0.614954
0.787879 0.424242 0.586738
0.797980 0.424242 0.558585
0.808081 0.424242 0.530405
0.818182 0.424242 0.502177
0.828283 0.424242 0.473978
0.838384 0.424242 0.445813
0.848485 0.424242 0.417657
0.858586 0.424242 0.389421
0.868687 0.424242 0.361240
0.878788 0.424242 0.333214
0.888889 0.424242 0.305221
0.898990 0.424242 0.277297
0.909091 0.424242 0.249410
0.919192 0.424242 0.221603
0.929293 0.424242 0.193795
0.939394 0.424242 0.166061
0.949495 0.424242 0.138365
0.959596 0.424242 0.110640
0.969697 0.424242 0.082993
0.979798 0.424242 0.055307
0.989899 0.424242 0.027649
1.000000 0.424242 0.000000
0.505050 0.434343 1.313570
0.515152 0.434343 1.294710
0.525253 0.434343 1.274959
0.535354 0.434343 1.254338
0.545455 0.434343 1.232843
0.555556 0.434343 1.210612
0.565657 0.434343 1.187864
0.575758 0.434343 1.164583
0.585859 0.434343 1.140875
0.595960 0.434343 1.116640
0.606061 0.434343 1.091958
0.616162 0.434343 1.066793
0.626263 0.434343 1.041194
0.636364 0.434343 1.015180
0.646465 0.434343 0.988906
0.656566 0.434343 0.962264
0.666667 0.434343 0.935360
0.676768 0.434343 0.908170
0.686869 0.434343 0.880774
0.696970 0.434343 0.853138
0.707071 0.434343 0.825332
0.717172 0.434343 0.797357
0.727273 0.434343 0.769187
0.737374 0.434343 0.740903
0.747475 0.434343 0.712522
0.757576 0.434343 0.684030
0.767677 0.434343 0.655433
0.777778 0.434343 0.626739
0.787879 0.434343 0.598107
0.797980 0.434343 0.569435
0.808081 0.434343 0.540758
0.818182 0.434343 0.512053
0.828283 0.434343 0.483331
0.838384 0.434343 0.454705
0.848485 0.434343 0.425931
0.858586 0.434343 0.397235
0.868687 0.434343 0.368507
0.878788 0.434343 0.339840
0.888889 0.434343 0.311320
0.898990 0.434343 0.282824
0.909091 0.434343 0.254424
0.919192 0.434343 0.226035
0.929293 0.434343 0.197674
0.939394 0.434343 0.169380
0.949495 0.434343 0.141109
0.959596 0.434343 0.112832
0.969697 0.434343 0.084627
0.979798 0.434343 0.056447
0.989899 0.434343 0.028195
1.000000 0.434343 0.000000
0.505050 0.444444 1.322221
0.515152 0.444444 1.304371
0.525253 0.444444 1.285511
0.535354 0.444444 1.265732
0.545455 0.444444 1.245047
0.555556 0.444444 1.223560
0.565657 0.444444 1.201390
0.575758 0.444444 1.178721
0.585859 0.444444 1.155459
0.595960 0.444444 1.131650
0.606061 0.444444 1.107298
0.616162 0.444444 1.082381
0.626263 0.444444 1.056962
0.636364 0.444444 1.031094
0.646465 0.444444 1.004822
0.656566 0.444444 0.978168
0.666667 0.444444 0.951155
0.676768 0.444444 0.923834
0.686869 0.444444 0.896208
0.696970 0.444444 0.868317
0.707071 0.444444 0.840193
0.717172 0.444444 0.811880
0.727273 0.444444 0.783341
0.737374 0.444444 0.754665
0.747475 0.444444 0.725830
0.757576 0.444444 0.696887
0.767677 0.444444 0.667812
0.777778 0.444444 0.638700
0.787879 0.444444 0.609517
0.797980 0.444444 0.580350
0.808081 0.444444 0.551140
0.818182 0.444444 0.521855
0.828283 0.444444 0.492588
0.838384 0.444444 0.463364
0.848485 0.444444 0.434126
0.858586 0.444444 0.404891
0.868687 0.444444 0.375712
0.878788 0.444444 0.346514
0.888889 0.444444 0.317396
0.898990 0.444444 0.288349
0.909091 0.444444 0.259428
0.919192 0.444444 0.230449
0.929293 0.444444 0.201487
0.939394 0.444444 0.172658
0.949495 0.444444 0.143860
0.959596 0.444444 0.115023
0.969697 0.444444 0.086237
0.979798 0.444444 0.057498
0.989899 0.444444 0.028686
1.000000 0.444444 0.000000
0.505050 0.454545 1.332075
0.515152 0.454545 1.315041
0.525253 0.454545 1.297037
0.535354 0.454545 1.278033
0.545455 0.454545 1.258027
0.555556 0.454545 1.237192
0.565657 0.454545 1.215644
0.575758 0.454545 1.193452
0.585859 0.454545 1.170616
0.595960 0.454545 1.147201
0.606061 0.454545 1.123113
0.616162 0.454545 1.098469
0.626263 0.454545 1.073183
0.636364 0.454545 1.047411
0.646465 0.454545 1.021155
0.656566 0.454545 0.994432
0.666667 0.454545 0.967328
0.676768 0.454545 0.939801
0.686869 0.454545 0.911948
0.696970 0.454545 0.883730
0.707071 0.454545 0.855317
0.717172 0.454545 0.826631
0.727273 0.454545 0.797692
0.737374 0.454545 0.768585
0.747475 0.454545 0.739295
0.757576 0.454545 0.709875
0.767677 0.454545 0.680359
0.777778 0.454545 0.650729
0.787879 0.454545 0.621050
0.797980 0.454545 0.591307
0.808081 0.454545 0.561499
0.818182 0.454545 0.531638
0.828283 0.454545 0.501828
0.838384 0.454545 0.472037
0.848485 0.454545 0.442246
0.858586 0.454545 0.412489
0.868687 0.454545 0.382766
0.878788 0.454545 0.353110
0.888889 0.454545 0.323398
0.898990 0.454545 0.293749
0.909091 0.454545 0.264261
0.919192 0.454545 0.234846
0.929293 0.454545 0.205328
0.939394 0.454545 0.175906
0.949495 0.454545 0.146543
0.959596 0.454545 0.117165
0.969697 0.454545 0.087886
0.979798 0.454545 0.058624
0.989899 0.454545 0.029288
1.000000 0.454545 0.000000
0.505050 0.464646 1.343142
0.515152 0.464646 1.326892
0.525253 0.464646 1.309563
0.535354 0.464646 1.291186
0.545455 0.464646 1.271835
0.555556 0.464646 1.251589
0.565657 0.464646 1.230541
0.575758 0.464646 1.208819
0.585859 0.464646 1.186353
0.595960 0.464646 1.163263
0.606061 0.464646 1.139482
0.616162 0.464646 1.115004
0.626263 0.464646 1.089892
0.636364 0.464646 1.064191
0.646465 0.464646 1.037956
0.656566 0.464646 1.011166
0.666667 0.464646 0.983924
0.676768 0.464646 0.956183
0.686869 0.464646 0.928053
0.696970 0.464646 0.899524
0.707071 0.464646 0.870714
0.717172 0.464646 0.841594
0.727273 0.464646 0.812210
0.737374 0.464646 0.782673
0.747475 0.464646 0.752892
0.757576 0.464646 0.723031
0.767677 0.464646 0.693021
0.777778 0.464646 0.662861
0.787879 0.464646 0.632648
0.797980 0.464646 0.602285
0.808081 0.464646 0.571910
0.818182 0.464646 0.541478
0.828283 0.464646 0.511051
0.838384 0.464646 0.480701
0.848485 0.464646 0.450333
0.858586 0.464646 0.420029
0.868687 0.464646 0.389753
0.878788 0.464646 0.359522
0.888889 0.464646 0.329338
0.898990 0.464646 0.299126
0.909091 0.464646 0.269022
0.919192 0.464646 0.239022
0.929293 0.464646 0.209074
0.939394 0.464646 0.179129
0.949495 0.464646 0.149243
0.959596 0.464646 0.119354
0.969697 0.464646 0.089518
0.979798 0.464646 0.059675
0.989899 0.464646 0.029843
1.000000 0.464646 0.000000
0.505050 0.474747 1.355435
0.515152 0.474747 1.339822
0.525253 0.474747 1.323111
0.535354 0.474747 1.305315
0.545455 0.474747 1.286526
0.555556 0.474747 1.266788
0.565657 0.474747 1.246279
0.575758 0.474747 1.224930
0.585859 0.474747 1.202858
0.595960 0.474747 1.180015
0.606061 0.474747 1.156474
0.616162 0.474747 1.132172
0.626263 0.474747 1.107170
0.636364 0.474747 1.081506
0.646465 0.474747 1.055235
0.656566 0.474747 1.028351
0.666667 0.474747 1.000917
0.676768 0.474747 0.972953
0.686869 0.474747 0.944488
0.696970 0.474747 0.915597
0.707071 0.474747 0.886381
0.717172 0.474747 0.856821
0.727273 0.474747 0.827056
0.737374 0.474747 0.797006
0.747475 0.474747 0.766773
0.757576 0.474747 0.736337
0.767677 0.474747 0.705749
0.777778 0.474747 0.675047
0.787879 0.474747 0.644181
0.797980 0.474747 0.613275
0.808081 0.474747 0.582287
0.818182 0.474747 0.551314
0.828283 0.474747 0.520321
0.838384 0.474747 0.489382
0.848485 0.474747 0.458428
0.858586 0.474747 0.427539
0.868687 0.474747 0.396684
0.878788 0.474747 0.365887
0.888889 0.474747 0.335122
0.898990 0.474747 0.304396
0.909091 0.474747 0.273744
0.919192 0.474747 0.243145
0.929293 0.474747 0.212688
0.939394 0.474747 0.182294
0.949495 0.474747 0.151861
0.959596 0.474747 0.121489
0.969697 0.474747 0.091078
0.979798 0.474747 0.060716
0.989899 0.474747 0.030343
1.000000 0.474747 0.000000
0.505050 0.484848 1.368935
0.515152 0.484848 1.353918
0.525253 0.484848 1.337744
0.535354 0.484848 1.320471
0.545455 0.484848 1.302166
0.555556 0.484848 1.282963
0.565657 0.484848 1.262857
0.575758 0.484848 1.241917
0.585859 0.484848 1.220132
0.595960 0.484848 1.197585
0.606061 0.484848 1.174228
0.616162 0.484848 1.150057
0.626263 0.484848 1.125111
0.636364 0.484848 1.099474
0.646465 0.484848 1.073128
0.656566 0.484848 1.046101
0.666667 0.484848 1.018439
0.676768 0.484848 0.990177
0.686869 0.484848 0.961348
0.696970 0.484848 0.932081
0.707071 0.484848 0.902393
0.717172 0.484848 0.872470
0.727273 0.484848 0.842186
0.737374 0.484848 0.811675
0.747475 0.484848 0.780858
0.757576 0.484848 0.749806
0.767677 0.484848 0.718593
0.777778 0.484848 0.687243
0.787879 0.484848 0.655756
0.797980 0.484848 0.624240
0.808081 0.484848 0.592648
0.818182 0.484848 0.561089
0.828283 0.484848 0.529537
0.838384 0.484848 0.497958
0.848485 0.484848 0.466459
0.858586 0.484848 0.434965
0.868687 0.484848 0.403558
0.878788 0.484848 0.372175
0.888889 0.484848 0.340865
0.898990 0.484848 0.309598
0.909091 0.484848 0.278415
0.919192 0.484848 0.247274
0.929293 0.484848 0.216239
0.939394 0.484848 0.185286
0.949495 0.484848 0.154417
0.959596 0.484848 0.123490
0.969697 0.484848 0.092590
0.979798 0.484848 0.061727
0.989899 0.484848 0.030813
1.000000 0.484848 0.000000
0.505050 0.494949 1.383713
0.515152 0.494949 1.369173
0.525253 0.494949 1.353448
0.535354 0.494949 1.336659
0.545455 0.494949 1.318812
0.555556 0.494949 1.300044
0.565657 0.494949 1.280339
0.575758 0.494949 1.259749
0.585859 0.494949 1.238268
0.595960 0.494949 1.215963
0.606061 0.494949 1.192756
0.616162 0.494949 1.168715
0.626263 0.494949 1.143820
0.636364 0.494949 1.118150
0.646465 0.494949 1.091696
0.656566 0.494949 1.064487
0.666667 0.494949 1.036571
0.676768 0.494949 1.007970
0.686869 0.494949 0.978746
0.696970 0.494949 0.948987
0.707071 0.494949 0.918941
0.717172 0.494949 0.888479
0.727273 0.494949 0.857711
0.737374 0.494949 0.826648
0.747475 0.494949 0.795129
0.757576 0.494949 0.763434
0.767677 0.494949 0.731577
0.777778 0.494949 0.699575
0.787879 0.494949 0.667480
0.797980 0.494949 0.635280
0.808081 0.494949 0.603064
0.818182 0.494949 0.570859
0.828283 0.494949 0.538643
0.838384 0.494949 0.506453
0.848485 0.494949 0.474345
0.858586 0.494949 0.442302
0.868687 0.494949 0.410312
0.878788 0.494949 0.378389
0.888889 0.494949 0.346512
0.898990 0.494949 0.314718
0.909091 0.494949 0.282955
0.919192 0.494949 0.251295
0.929293 0.494949 0.219703
0.939394 0.494949 0.188195
0.949495 0.494949 0.156799
0.959596 0.494949 0.125463
0.969697 0.494949 0.094093
0.979798 0.494949 0.062787
0.989899 0.494949 0.031377
1.000000 0.494949 0.000000
