0.000000 0.000000 0.000000
0.010101 0.000000 0.000000
0.020202 0.000000 0.000000
0.030303 0.000000 0.000000
0.040404 0.000000 0.000000
0.050505 0.000000 0.000000
0.060606 0.000000 0.000000
0.070707 0.000000 0.000000
0.080808 0.000000 0.000000
0.090909 0.000000 0.000000
0.101010 0.000000 0.000000
0.111111 0.000000 0.000000
0.121212 0.000000 0.000000
0.131313 0.000000 0.000000
0.141414 0.000000 0.000000
0.151515 0.000000 0.000000
0.161616 0.000000 0.000000
0.171717 0.000000 0.000000
0.181818 0.000000 0.000000
0.191919 0.000000 0.000000
0.202020 0.000000 0.000000
0.212121 0.000000 0.000000
0.222222 0.000000 0.000000
0.232323 0.000000 0.000000
0.242424 0.000000 0.000000
0.252525 0.000000 0.000000
0.262626 0.000000 0.000000
0.272727 0.000000 0.000000
0.282828 0.000000 0.000000
0.292929 0.000000 0.000000
0.303030 0.000000 0.000000
0.313131 0.000000 0.000000
0.323232 0.000000 0.000000
0.333333 0.000000 0.000000
0.343434 0.000000 0.000000
0.353535 0.000000 0.000000
0.363636 0.000000 0.000000
0.373737 0.000000 0.000000
0.383838 0.000000 0.000000
0.393939 0.000000 0.000000
0.404040 0.000000 0.000000
0.414141 0.000000 0.000000
0.424242 0.000000 0.000000
0.434343 0.000000 0.000000
0.444444 0.000000 0.000000
0.454545 0.000000 0.000000
0.464646 0.000000 0.000000
0.474747 0.000000 0.000000
0.484848 0.000000 0.000000
0.494949 0.000000 0.000000
0.000000 0.010101 0.000000
0.010101 0.010101 0.001709
0.020202 0.010101 0.003352
0.030303 0.010101 0.005012
0.040404 0.010101 0.006745
0.050505 0.010101 0.008430
0.060606 0.010101 0.010288
0.070707 0.010101 0.012142
0.080808 0.010101 0.013888
0.090909 0.010101 0.015672
0.101010 0.010101 0.017401
0.111111 0.010101 0.019178
0.121212 0.010101 0.020969
0.131313 0.010101 0.022783
0.141414 0.010101 0.024649
0.151515 0.010101 0.026536
0.161616 0.010101 0.028441
0.171717 0.010101 0.030393
0.181818 0.010101 0.032319
0.191919 0.010101 0.034288
0.202020 0.010101 0.036243
0.212121 0.010101 0.038204
0.222222 0.010101 0.040181
0.232323 0.010101 0.042132
0.242424 0.010101 0.044069
0.252525 0.010101 0.045945
0.262626 0.010101 0.047811
0.272727 0.010101 0.049566
0.282828 0.010101 0.051324
0.292929 0.010101 0.052952
0.303030 0.010101 0.054470
0.313131 0.010101 0.055857
0.323232 0.010101 0.057093
0.333333 0.010101 0.058149
0.343434 0.010101 0.059086
0.353535 0.010101 0.059816
0.363636 0.010101 0.060334
0.373737 0.010101 0.060619
0.383838 0.010101 0.060921
0.393939 0.010101 0.060969
0.404040 0.010101 0.060728
0.414141 0.010101 0.060237
0.424242 0.010101 0.059646
0.434343 0.010101 0.058852
0.444444 0.010101 0.057970
0.454545 0.010101 0.056909
0.464646 0.010101 0.055789
0.474747 0.010101 0.054559
0.484848 0.010101 0.053279
0.494949 0.010101 0.051922
0.000000 0.020202 0.000000
0.010101 0.020202 0.003334
0.020202 0.020202 0.006689
0.030303 0.020202 0.010098
0.040404 0.020202 0.013539
0.050505 0.020202 0.017044
0.060606 0.020202 0.020581
0.070707 0.020202 0.024136
0.080808 0.020202 0.027740
0.090909 0.020202 0.031230
0.101010 0.020202 0.034752
0.111111 0.020202 0.038313
0.121212 0.020202 0.041915
0.131313 0.020202 0.045583
0.141414 0.020202 0.049277
0.151515 0.020202 0.053046
0.161616 0.020202 0.056834
0.171717 0.020202 0.060706
0.181818 0.020202 0.064593
0.191919 0.020202 0.068533
0.202020 0.020202 0.072478
0.212121 0.020202 0.076441
0.222222 0.020202 0.080389
0.232323 0.020202 0.084312
0.242424 0.020202 0.088201
0.252525 0.020202 0.092000
0.262626 0.020202 0.095736
0.272727 0.020202 0.099322
0.282828 0.020202 0.102777
0.292929 0.020202 0.106025
0.303030 0.020202 0.109072
0.313131 0.020202 0.111856
0.323232 0.020202 0.114366
0.333333 0.020202 0.116536
0.343434 0.020202 0.118379
0.353535 0.020202 0.119812
0.363636 0.020202 0.120899
0.373737 0.020202 0.121674
0.383838 0.020202 0.122096
0.393939 0.020202 0.122075
0.404040 0.020202 0.121707
0.414141 0.020202 0.120747
0.424242 0.020202 0.119495
0.434343 0.020202 0.117931
0.444444 0.020202 0.116121
0.454545 0.020202 0.113994
0.464646 0.020202 0.111689
0.474747 0.020202 0.109227
0.484848 0.020202 0.106634
0.494949 0.020202 0.103881
0.000000 0.030303 0.000000
0.010101 0.030303 0.004940
0.020202 0.030303 0.010042
0.030303 0.030303 0.015154
0.040404 0.030303 0.020350
0.050505 0.030303 0.025628
0.060606 0.030303 0.030819
0.070707 0.030303 0.036081
0.080808 0.030303 0.041415
0.090909 0.030303 0.046755
0.101010 0.030303 0.052079
0.111111 0.030303 0.057407
0.121212 0.030303 0.062840
0.131313 0.030303 0.068358
0.141414 0.030303 0.073889
0.151515 0.030303 0.079537
0.161616 0.030303 0.085242
0.171717 0.030303 0.091005
0.181818 0.030303 0.096883
0.191919 0.030303 0.102774
0.202020 0.030303 0.108717
0.212121 0.030303 0.114692
0.222222 0.030303 0.120609
0.232323 0.030303 0.126525
0.242424 0.030303 0.132375
0.252525 0.030303 0.138118
0.262626 0.030303 0.143742
0.272727 0.030303 0.149209
0.282828 0.030303 0.154384
0.292929 0.030303 0.159299
0.303030 0.030303 0.163936
0.313131 0.030303 0.168128
0.323232 0.030303 0.171933
0.333333 0.030303 0.175252
0.343434 0.030303 0.177983
0.353535 0.030303 0.180154
0.363636 0.030303 0.181926
0.373737 0.030303 0.183081
0.383838 0.030303 0.183579
0.393939 0.030303 0.183529
0.404040 0.030303 0.182826
0.414141 0.030303 0.181548
0.424242 0.030303 0.179620
0.434343 0.030303 0.177258
0.444444 0.030303 0.174455
0.454545 0.030303 0.171259
0.464646 0.030303 0.167766
0.474747 0.030303 0.164026
0.484848 0.030303 0.160080
0.494949 0.030303 0.155930
0.000000 0.040404 0.000000
0.010101 0.040404 0.006704
0.020202 0.040404 0.013386
0.030303 0.040404 0.020253
0.040404 0.040404 0.027078
0.050505 0.040404 0.034027
0.060606 0.040404 0.040988
0.070707 0.040404 0.047988
0.080808 0.040404 0.055084
0.090909 0.040404 0.062166
0.101010 0.040404 0.069404
0.111111 0.040404 0.076483
0.121212 0.040404 0.083682
0.131313 0.040404 0.091002
0.141414 0.040404 0.098383
0.151515 0.040404 0.105948
0.161616 0.040404 0.113591
0.171717 0.040404 0.121316
0.181818 0.040404 0.129162
0.191919 0.040404 0.137017
0.202020 0.040404 0.144924
0.212121 0.040404 0.152910
0.222222 0.040404 0.160829
0.232323 0.040404 0.168796
0.242424 0.040404 0.176655
0.252525 0.040404 0.184372
0.262626 0.040404 0.191904
0.272727 0.040404 0.199260
0.282828 0.040404 0.206252
0.292929 0.040404 0.212965
0.303030 0.040404 0.219245
0.313131 0.040404 0.224886
0.323232 0.040404 0.229986
0.333333 0.040404 0.234436
0.343434 0.040404 0.238146
0.353535 0.040404 0.241235
0.363636 0.040404 0.243569
0.373737 0.040404 0.245018
0.383838 0.040404 0.245611
0.393939 0.040404 0.245465
0.404040 0.040404 0.244520
0.414141 0.040404 0.242717
0.424242 0.040404 0.240181
0.434343 0.040404 0.236984
0.444444 0.040404 0.233184
0.454545 0.040404 0.228855
0.464646 0.040404 0.224089
0.474747 0.040404 0.219063
0.484848 0.040404 0.213732
0.494949 0.040404 0.208132
0.000000 0.050505 0.000000
0.010101 0.050505 0.008490
0.020202 0.050505 0.016899
0.030303 0.050505 0.025394
0.040404 0.050505 0.033874
0.050505 0.050505 0.042415
0.060606 0.050505 0.051076
0.070707 0.050505 0.059802
0.080808 0.050505 0.068574
0.090909 0.050505 0.077420
0.101010 0.050505 0.086390
0.111111 0.050505 0.095440
0.121212 0.050505 0.104459
0.131313 0.050505 0.113585
0.141414 0.050505 0.122863
0.151515 0.050505 0.132280
0.161616 0.050505 0.141825
0.171717 0.050505 0.151508
0.181818 0.050505 0.161305
0.191919 0.050505 0.171209
0.202020 0.050505 0.181162
0.212121 0.050505 0.191194
0.222222 0.050505 0.201192
0.232323 0.050505 0.211177
0.242424 0.050505 0.221079
0.252525 0.050505 0.230811
0.262626 0.050505 0.240385
0.272727 0.050505 0.249674
0.282828 0.050505 0.258582
0.292929 0.050505 0.267065
0.303030 0.050505 0.274949
0.313131 0.050505 0.282184
0.323232 0.050505 0.288674
0.333333 0.050505 0.294360
0.343434 0.050505 0.299196
0.353535 0.050505 0.303071
0.363636 0.050505 0.305970
0.373737 0.050505 0.307810
0.383838 0.050505 0.308521
0.393939 0.050505 0.308201
0.404040 0.050505 0.306906
0.414141 0.050505 0.304619
0.424242 0.050505 0.301369
0.434343 0.050505 0.297313
0.444444 0.050505 0.292430
0.454545 0.050505 0.286886
0.464646 0.050505 0.280849
0.474747 0.050505 0.274404
0.484848 0.050505 0.267604
0.494949 0.050505 0.260505
0.000000 0.060606 0.000000
0.010101 0.060606 0.010144
0.020202 0.060606 0.020324
0.030303 0.060606 0.030418
0.040404 0.060606 0.040608
0.050505 0.060606 0.050804
0.060606 0.060606 0.061101
0.070707 0.060606 0.071502
0.080808 0.060606 0.081990
0.090909 0.060606 0.092586
0.101010 0.060606 0.103294
0.111111 0.060606 0.114149
0.121212 0.060606 0.125128
0.131313 0.060606 0.136084
0.141414 0.060606 0.147203
0.151515 0.060606 0.158492
0.161616 0.060606 0.169921
0.171717 0.060606 0.181580
0.181818 0.060606 0.193341
0.191919 0.060606 0.205291
0.202020 0.060606 0.217321
0.212121 0.060606 0.229421
0.222222 0.060606 0.241570
0.232323 0.060606 0.253637
0.242424 0.060606 0.265674
0.252525 0.060606 0.277505
0.262626 0.060606 0.289152
0.272727 0.060606 0.300445
0.282828 0.060606 0.311339
0.292929 0.060606 0.321636
0.303030 0.060606 0.331302
0.313131 0.060606 0.340182
0.323232 0.060606 0.348167
0.333333 0.060606 0.355233
0.343434 0.060606 0.361207
0.353535 0.060606 0.365912
0.363636 0.060606 0.369427
0.373737 0.060606 0.371573
0.383838 0.060606 0.372462
0.393939 0.060606 0.371971
0.404040 0.060606 0.370285
0.414141 0.060606 0.367344
0.424242 0.060606 0.363364
0.434343 0.060606 0.358285
0.444444 0.060606 0.352336
0.454545 0.060606 0.345474
0.464646 0.060606 0.338016
0.474747 0.060606 0.330094
0.484848 0.060606 0.321773
0.494949 0.060606 0.313069
0.000000 0.070707 0.000000
0.010101 0.070707 0.011764
0.020202 0.070707 0.023556
0.030303 0.070707 0.035346
0.040404 0.070707 0.047175
0.050505 0.070707 0.059090
0.060606 0.070707 0.071052
0.070707 0.070707 0.083114
0.080808 0.070707 0.095320
0.090909 0.070707 0.107641
0.101010 0.070707 0.120096
0.111111 0.070707 0.132731
0.121212 0.070707 0.145470
0.131313 0.070707 0.158420
0.141414 0.070707 0.171377
0.151515 0.070707 0.184565
0.161616 0.070707 0.197954
0.171717 0.070707 0.211549
0.181818 0.070707 0.225342
0.191919 0.070707 0.239293
0.202020 0.070707 0.253399
0.212121 0.070707 0.267597
0.222222 0.070707 0.281873
0.232323 0.070707 0.296129
0.242424 0.070707 0.310350
0.252525 0.070707 0.324385
0.262626 0.070707 0.338187
0.272727 0.070707 0.351615
0.282828 0.070707 0.364543
0.292929 0.070707 0.376837
0.303030 0.070707 0.388436
0.313131 0.070707 0.399075
0.323232 0.070707 0.408749
0.333333 0.070707 0.417197
0.343434 0.070707 0.424292
0.353535 0.070707 0.429941
0.363636 0.070707 0.434068
0.373737 0.070707 0.436594
0.383838 0.070707 0.437555
0.393939 0.070707 0.436935
0.404040 0.070707 0.434754
0.414141 0.070707 0.431106
0.424242 0.070707 0.426217
0.434343 0.070707 0.420128
0.444444 0.070707 0.412872
0.454545 0.070707 0.404658
0.464646 0.070707 0.395721
0.474747 0.070707 0.386184
0.484848 0.070707 0.376209
0.494949 0.070707 0.365844
0.000000 0.080808 0.000000
0.010101 0.080808 0.013384
0.020202 0.080808 0.026789
0.030303 0.080808 0.040196
0.040404 0.080808 0.053656
0.050505 0.080808 0.067231
0.060606 0.080808 0.080902
0.070707 0.080808 0.094632
0.080808 0.080808 0.108534
0.090909 0.080808 0.122529
0.101010 0.080808 0.136718
0.111111 0.080808 0.151056
0.121212 0.080808 0.165601
0.131313 0.080808 0.180372
0.141414 0.080808 0.195319
0.151515 0.080808 0.210432
0.161616 0.080808 0.225782
0.171717 0.080808 0.241348
0.181818 0.080808 0.257183
0.191919 0.080808 0.273181
0.202020 0.080808 0.289384
0.212121 0.080808 0.305763
0.222222 0.080808 0.322196
0.232323 0.080808 0.338740
0.242424 0.080808 0.355211
0.252525 0.080808 0.371512
0.262626 0.080808 0.387598
0.272727 0.080808 0.403237
0.282828 0.080808 0.418380
0.292929 0.080808 0.432877
0.303030 0.080808 0.446530
0.313131 0.080808 0.459134
0.323232 0.080808 0.470557
0.333333 0.080808 0.480473
0.343434 0.080808 0.488824
0.353535 0.080808 0.495476
0.363636 0.080808 0.500309
0.373737 0.080808 0.503224
0.383838 0.080808 0.504229
0.393939 0.080808 0.503380
0.404040 0.080808 0.500692
0.414141 0.080808 0.496249
0.424242 0.080808 0.490271
0.434343 0.080808 0.482929
0.444444 0.080808 0.474365
0.454545 0.080808 0.464605
0.464646 0.080808 0.454027
0.474747 0.080808 0.442772
0.484848 0.080808 0.431035
0.494949 0.080808 0.418886
0.000000 0.090909 0.000000
0.010101 0.090909 0.014982
0.020202 0.090909 0.029949
0.030303 0.090909 0.044993
0.040404 0.090909 0.060062
0.050505 0.090909 0.075276
0.060606 0.090909 0.090544
0.070707 0.090909 0.105976
0.080808 0.090909 0.121508
0.090909 0.090909 0.137223
0.101010 0.090909 0.153123
0.111111 0.090909 0.169173
0.121212 0.090909 0.185547
0.131313 0.090909 0.202149
0.141414 0.090909 0.218967
0.151515 0.090909 0.236062
0.161616 0.090909 0.253317
0.171717 0.090909 0.270877
0.181818 0.090909 0.288738
0.191919 0.090909 0.306866
0.202020 0.090909 0.325263
0.212121 0.090909 0.343875
0.222222 0.090909 0.362585
0.232323 0.090909 0.381425
0.242424 0.090909 0.400174
0.252525 0.090909 0.418854
0.262626 0.090909 0.437289
0.272727 0.090909 0.455355
0.282828 0.090909 0.472919
0.292929 0.090909 0.489761
0.303030 0.090909 0.505646
0.313131 0.090909 0.520376
0.323232 0.090909 0.533648
0.333333 0.090909 0.545315
0.343434 0.090909 0.555058
0.353535 0.090909 0.562829
0.363636 0.090909 0.568409
0.373737 0.090909 0.571764
0.383838 0.090909 0.572814
0.393939 0.090909 0.571664
0.404040 0.090909 0.568300
0.414141 0.090909 0.562929
0.424242 0.090909 0.555731
0.434343 0.090909 0.546951
0.444444 0.090909 0.536745
0.454545 0.090909 0.525369
0.464646 0.090909 0.512961
0.474747 0.090909 0.499843
0.484848 0.090909 0.486160
0.494949 0.090909 0.472118
0.000000 0.101010 0.000000
0.010101 0.101010 0.016517
0.020202 0.101010 0.033033
0.030303 0.101010 0.049642
0.040404 0.101010 0.066323
0.050505 0.101010 0.083095
0.060606 0.101010 0.100022
0.070707 0.101010 0.117065
0.080808 0.101010 0.134298
0.090909 0.101010 0.151710
0.101010 0.101010 0.169376
0.111111 0.101010 0.187172
0.121212 0.101010 0.205264
0.131313 0.101010 0.223638
0.141414 0.101010 0.242340
0.151515 0.101010 0.261293
0.161616 0.101010 0.280547
0.171717 0.101010 0.300134
0.181818 0.101010 0.320028
0.191919 0.101010 0.340335
0.202020 0.101010 0.360927
0.212121 0.101010 0.381766
0.222222 0.101010 0.402843
0.232323 0.101010 0.423984
0.242424 0.101010 0.445204
0.252525 0.101010 0.466391
0.262626 0.101010 0.487350
0.272727 0.101010 0.508061
0.282828 0.101010 0.528182
0.292929 0.101010 0.547566
0.303030 0.101010 0.565919
0.313131 0.101010 0.582920
0.323232 0.101010 0.598342
0.333333 0.101010 0.611860
0.343434 0.101010 0.623265
0.353535 0.101010 0.632252
0.363636 0.101010 0.638732
0.373737 0.101010 0.642509
0.383838 0.101010 0.643597
0.393939 0.101010 0.642020
0.404040 0.101010 0.637917
0.414141 0.101010 0.631413
0.424242 0.101010 0.622771
0.434343 0.101010 0.612319
0.444444 0.101010 0.600295
0.454545 0.101010 0.586974
0.464646 0.101010 0.572604
0.474747 0.101010 0.557407
0.484848 0.101010 0.541646
0.494949 0.101010 0.525571
0.000000 0.111111 0.000000
0.010101 0.111111 0.018050
0.020202 0.111111 0.036097
0.030303 0.111111 0.054218
0.040404 0.111111 0.072441
0.050505 0.111111 0.090759
0.060606 0.111111 0.109278
0.070707 0.111111 0.127963
0.080808 0.111111 0.146824
0.090909 0.111111 0.165945
0.101010 0.111111 0.185231
0.111111 0.111111 0.204874
0.121212 0.111111 0.224655
0.131313 0.111111 0.244800
0.141414 0.111111 0.265345
0.151515 0.111111 0.286223
0.161616 0.111111 0.307485
0.171717 0.111111 0.329083
0.181818 0.111111 0.351101
0.191919 0.111111 0.373522
0.202020 0.111111 0.396291
0.212121 0.111111 0.419419
0.222222 0.111111 0.442838
0.232323 0.111111 0.466463
0.242424 0.111111 0.490299
0.252525 0.111111 0.514154
0.262626 0.111111 0.537889
0.272727 0.111111 0.561357
0.282828 0.111111 0.584268
0.292929 0.111111 0.606403
0.303030 0.111111 0.627420
0.313131 0.111111 0.647044
0.323232 0.111111 0.664829
0.333333 0.111111 0.680518
0.343434 0.111111 0.693740
0.353535 0.111111 0.704183
0.363636 0.111111 0.711628
0.373737 0.111111 0.715942
0.383838 0.111111 0.716997
0.393939 0.111111 0.714901
0.404040 0.111111 0.709828
0.414141 0.111111 0.702034
0.424242 0.111111 0.691684
0.434343 0.111111 0.679258
0.444444 0.111111 0.665117
0.454545 0.111111 0.649628
0.464646 0.111111 0.632961
0.474747 0.111111 0.615536
0.484848 0.111111 0.597504
0.494949 0.111111 0.579218
0.000000 0.121212 0.000000
0.010101 0.121212 0.019534
0.020202 0.121212 0.039087
0.030303 0.121212 0.058735
0.040404 0.121212 0.078462
0.050505 0.121212 0.098340
0.060606 0.121212 0.118369
0.070707 0.121212 0.138611
0.080808 0.121212 0.159090
0.090909 0.121212 0.179777
0.101010 0.121212 0.200732
0.111111 0.121212 0.222048
0.121212 0.121212 0.243683
0.131313 0.121212 0.265621
0.141414 0.121212 0.288016
0.151515 0.121212 0.310787
0.161616 0.121212 0.334089
0.171717 0.121212 0.357672
0.181818 0.121212 0.381771
0.191919 0.121212 0.406303
0.202020 0.121212 0.431298
0.212121 0.121212 0.456759
0.222222 0.121212 0.482628
0.232323 0.121212 0.508870
0.242424 0.121212 0.535376
0.252525 0.121212 0.562057
0.262626 0.121212 0.588695
0.272727 0.121212 0.615141
0.282828 0.121212 0.641132
0.292929 0.121212 0.666271
0.303030 0.121212 0.690315
0.313131 0.121212 0.712857
0.323232 0.121212 0.733412
0.333333 0.121212 0.751617
0.343434 0.121212 0.766995
0.353535 0.121212 0.779108
0.363636 0.121212 0.787653
0.373737 0.121212 0.792526
0.383838 0.121212 0.793546
0.393939 0.121212 0.790762
0.404040 0.121212 0.784460
0.414141 0.121212 0.774985
0.424242 0.121212 0.762671
0.434343 0.121212 0.747923
0.444444 0.121212 0.731289
0.454545 0.121212 0.713235
0.464646 0.121212 0.694075
0.474747 0.121212 0.674071
0.484848 0.121212 0.653615
0.494949 0.121212 0.632947
0.000000 0.131313 0.000000
0.010101 0.131313 0.020998
0.020202 0.131313 0.042045
0.030303 0.131313 0.063174
0.040404 0.131313 0.084381
0.050505 0.131313 0.105768
0.060606 0.131313 0.127280
0.070707 0.131313 0.149022
0.080808 0.131313 0.171050
0.090909 0.131313 0.193342
0.101010 0.131313 0.215940
0.111111 0.131313 0.238903
0.121212 0.131313 0.262244
0.131313 0.131313 0.285986
0.141414 0.131313 0.310161
0.151515 0.131313 0.334820
0.161616 0.131313 0.360012
0.171717 0.131313 0.385746
0.181818 0.131313 0.411885
0.191919 0.131313 0.438620
0.202020 0.131313 0.465874
0.212121 0.131313 0.493692
0.222222 0.131313 0.522129
0.232323 0.131313 0.551016
0.242424 0.131313 0.580359
0.252525 0.131313 0.610002
0.262626 0.131313 0.639713
0.272727 0.131313 0.669379
0.282828 0.131313 0.698644
0.292929 0.131313 0.727235
0.303030 0.131313 0.754688
0.313131 0.131313 0.780657
0.323232 0.131313 0.804392
0.333333 0.131313 0.825543
0.343434 0.131313 0.843442
0.353535 0.131313 0.857603
0.363636 0.131313 0.867493
0.373737 0.131313 0.872964
0.383838 0.131313 0.873803
0.393939 0.131313 0.870143
0.404040 0.131313 0.862320
0.414141 0.131313 0.850773
0.424242 0.131313 0.835953
0.434343 0.131313 0.818473
0.444444 0.131313 0.798970
0.454545 0.131313 0.777950
0.464646 0.131313 0.755840
0.474747 0.131313 0.733057
0.484848 0.131313 0.709890
0.494949 0.131313 0.686668
0.000000 0.141414 0.000000
0.010101 0.141414 0.022431
0.020202 0.141414 0.044924
0.030303 0.141414 0.067459
0.040404 0.141414 0.090121
0.050505 0.141414 0.112940
0.060606 0.141414 0.135961
0.070707 0.141414 0.159208
0.080808 0.141414 0.182746
0.090909 0.141414 0.206593
0.101010 0.141414 0.230781
0.111111 0.141414 0.255376
0.121212 0.141414 0.280405
0.131313 0.141414 0.305859
0.141414 0.141414 0.331822
0.151515 0.141414 0.358291
0.161616 0.141414 0.385394
0.171717 0.141414 0.413074
0.181818 0.141414 0.441402
0.191919 0.141414 0.470315
0.202020 0.141414 0.499885
0.212121 0.141414 0.530204
0.222222 0.141414 0.561182
0.232323 0.141414 0.592839
0.242424 0.141414 0.625044
0.252525 0.141414 0.657771
0.262626 0.141414 0.690775
0.272727 0.141414 0.723886
0.282828 0.141414 0.756830
0.292929 0.141414 0.789169
0.303030 0.141414 0.820544
0.313131 0.141414 0.850345
0.323232 0.141414 0.877955
0.333333 0.141414 0.902598
0.343434 0.141414 0.923626
0.353535 0.141414 0.940177
0.363636 0.141414 0.951752
0.373737 0.141414 0.957924
0.383838 0.141414 0.958558
0.393939 0.141414 0.953712
0.404040 0.141414 0.943903
0.414141 0.141414 0.929733
0.424242 0.141414 0.911895
0.434343 0.141414 0.891113
0.444444 0.141414 0.868166
0.454545 0.141414 0.843726
0.464646 0.141414 0.818280
0.474747 0.141414 0.792330
0.484848 0.141414 0.766220
0.494949 0.141414 0.740218
0.000000 0.151515 0.000000
0.010101 0.151515 0.023804
0.020202 0.151515 0.047662
0.030303 0.151515 0.071616
0.040404 0.151515 0.095680
0.050505 0.151515 0.119908
0.060606 0.151515 0.144383
0.070707 0.151515 0.169102
0.080808 0.151515 0.194135
0.090909 0.151515 0.219502
0.101010 0.151515 0.245251
0.111111 0.151515 0.271415
0.121212 0.151515 0.298046
0.131313 0.151515 0.325224
0.141414 0.151515 0.352855
0.151515 0.151515 0.381127
0.161616 0.151515 0.410073
0.171717 0.151515 0.439755
0.181818 0.151515 0.470165
0.191919 0.151515 0.501355
0.202020 0.151515 0.533275
0.212121 0.151515 0.566057
0.222222 0.151515 0.599661
0.232323 0.151515 0.634114
0.242424 0.151515 0.669326
0.252525 0.151515 0.705262
0.262626 0.151515 0.741724
0.272727 0.151515 0.778558
0.282828 0.151515 0.815477
0.292929 0.151515 0.852066
0.303030 0.151515 0.887877
0.313131 0.151515 0.922222
0.323232 0.151515 0.954320
0.333333 0.151515 0.983269
0.343434 0.151515 1.008071
0.353535 0.151515 1.027727
0.363636 0.151515 1.041367
0.373737 0.151515 1.048425
0.383838 0.151515 1.048630
0.393939 0.151515 1.042244
0.404040 0.151515 1.029857
0.414141 0.151515 1.012362
0.424242 0.151515 0.990695
0.434343 0.151515 0.965917
0.444444 0.151515 0.938928
0.454545 0.151515 0.910507
0.464646 0.151515 0.881272
0.474747 0.151515 0.851762
0.484848 0.151515 0.822435
0.494949 0.151515 0.793484
0.000000 0.161616 0.000000
0.010101 0.161616 0.025148
0.020202 0.161616 0.050304
0.030303 0.161616 0.075656
0.040404 0.161616 0.101073
0.050505 0.161616 0.126716
0.060606 0.161616 0.152561
0.070707 0.161616 0.178722
0.080808 0.161616 0.205190
0.090909 0.161616 0.232020
0.101010 0.161616 0.259308
0.111111 0.161616 0.286946
0.121212 0.161616 0.315142
0.131313 0.161616 0.343875
0.141414 0.161616 0.373246
0.151515 0.161616 0.403261
0.161616 0.161616 0.434017
0.171717 0.161616 0.465650
0.181818 0.161616 0.498147
0.191919 0.161616 0.531498
0.202020 0.161616 0.565804
0.212121 0.161616 0.601026
0.222222 0.161616 0.637292
0.232323 0.161616 0.674560
0.242424 0.161616 0.712882
0.252525 0.161616 0.752159
0.262626 0.161616 0.792301
0.272727 0.161616 0.833168
0.282828 0.161616 0.874452
0.292929 0.161616 0.915803
0.303030 0.161616 0.956676
0.313131 0.161616 0.996330
0.323232 0.161616 1.033833
0.333333 0.161616 1.068063
0.343434 0.161616 1.097659
0.353535 0.161616 1.121243
0.363636 0.161616 1.137563
0.373737 0.161616 1.145699
0.383838 0.161616 1.145292
0.393939 0.161616 1.136734
0.404040 0.161616 1.120919
0.414141 0.161616 1.099075
0.424242 0.161616 1.072608
0.434343 0.161616 1.042920
0.444444 0.161616 1.011123
0.454545 0.161616 0.978070
0.464646 0.161616 0.944538
0.474747 0.161616 0.911149
0.484848 0.161616 0.878272
0.494949 0.161616 0.846109
0.000000 0.171717 0.000000
0.010101 0.171717 0.026482
0.020202 0.171717 0.052982
0.030303 0.171717 0.079630
0.040404 0.171717 0.106378
0.050505 0.171717 0.133322
0.060606 0.171717 0.160529
0.070707 0.171717 0.188034
0.080808 0.171717 0.215869
0.090909 0.171717 0.244079
0.101010 0.171717 0.272763
0.111111 0.171717 0.301919
0.121212 0.171717 0.331609
0.131313 0.171717 0.361888
0.141414 0.171717 0.392917
0.151515 0.171717 0.424656
0.161616 0.171717 0.457220
0.171717 0.171717 0.490681
0.181818 0.171717 0.525152
0.191919 0.171717 0.560687
0.202020 0.171717 0.597215
0.212121 0.171717 0.634953
0.222222 0.171717 0.673791
0.232323 0.171717 0.713953
0.242424 0.171717 0.755397
0.252525 0.171717 0.798189
0.262626 0.171717 0.842170
0.272727 0.171717 0.887362
0.282828 0.171717 0.933377
0.292929 0.171717 0.980019
0.303030 0.171717 1.026672
0.313131 0.171717 1.072589
0.323232 0.171717 1.116659
0.333333 0.171717 1.157488
0.343434 0.171717 1.193251
0.353535 0.171717 1.222023
0.363636 0.171717 1.241944
0.373737 0.171717 1.251516
0.383838 0.171717 1.250159
0.393939 0.171717 1.238482
0.404040 0.171717 1.217934
0.414141 0.171717 1.190412
0.424242 0.171717 1.157819
0.434343 0.171717 1.122033
0.444444 0.171717 1.084435
0.454545 0.171717 1.046111
0.464646 0.171717 1.007738
0.474747 0.171717 0.970025
0.484848 0.171717 0.933345
0.494949 0.171717 0.897878
0.000000 0.181818 0.000000
0.010101 0.181818 0.027729
0.020202 0.181818 0.055510
0.030303 0.181818 0.083417
0.040404 0.181818 0.111485
0.050505 0.181818 0.139700
0.060606 0.181818 0.168201
0.070707 0.181818 0.196999
0.080808 0.181818 0.226176
0.090909 0.181818 0.255729
0.101010 0.181818 0.285749
0.111111 0.181818 0.316347
0.121212 0.181818 0.347486
0.131313 0.181818 0.379316
0.141414 0.181818 0.411877
0.151515 0.181818 0.445266
0.161616 0.181818 0.479527
0.171717 0.181818 0.514777
0.181818 0.181818 0.551093
0.191919 0.181818 0.588633
0.202020 0.181818 0.627415
0.212121 0.181818 0.667468
0.222222 0.181818 0.708967
0.232323 0.181818 0.751929
0.242424 0.181818 0.796564
0.252525 0.181818 0.842826
0.262626 0.181818 0.890828
0.272727 0.181818 0.940470
0.282828 0.181818 0.991674
0.292929 0.181818 1.044129
0.303030 0.181818 1.097405
0.313131 0.181818 1.150656
0.323232 0.181818 1.202726
0.333333 0.181818 1.251890
0.343434 0.181818 1.295836
0.353535 0.181818 1.331744
0.363636 0.181818 1.356675
0.373737 0.181818 1.368217
0.383838 0.181818 1.365349
0.393939 0.181818 1.349125
0.404040 0.181818 1.321923
0.414141 0.181818 1.286690
0.424242 0.181818 1.246223
0.434343 0.181818 1.202933
0.444444 0.181818 1.158472
0.454545 0.181818 1.113995
0.464646 0.181818 1.070279
0.474747 0.181818 1.027952
0.484848 0.181818 0.987204
0.494949 0.181818 0.948210
0.000000 0.191919 0.000000
0.010101 0.191919 0.028923
0.020202 0.191919 0.057930
0.030303 0.191919 0.087042
0.040404 0.191919 0.116308
0.050505 0.191919 0.145790
0.060606 0.191919 0.175518
0.070707 0.191919 0.205587
0.080808 0.191919 0.236028
0.090909 0.191919 0.266913
0.101010 0.191919 0.298273
0.111111 0.191919 0.330233
0.121212 0.191919 0.362780
0.131313 0.191919 0.396012
0.141414 0.191919 0.430091
0.151515 0.191919 0.465004
0.161616 0.191919 0.500898
0.171717 0.191919 0.537808
0.181818 0.191919 0.575924
0.191919 0.191919 0.615335
0.202020 0.191919 0.656185
0.212121 0.191919 0.698535
0.222222 0.191919 0.742496
0.232323 0.191919 0.788233
0.242424 0.191919 0.835930
0.252525 0.191919 0.885723
0.262626 0.191919 0.937715
0.272727 0.191919 0.992017
0.282828 0.191919 1.048618
0.292929 0.191919 1.107418
0.303030 0.191919 1.168055
0.313131 0.191919 1.229904
0.323232 0.191919 1.291677
0.333333 0.191919 1.351511
0.343434 0.191919 1.406425
0.353535 0.191919 1.452442
0.363636 0.191919 1.484841
0.373737 0.191919 1.499330
0.383838 0.191919 1.494009
0.393939 0.191919 1.470745
0.404040 0.191919 1.433937
0.414141 0.191919 1.388200
0.424242 0.191919 1.337599
0.434343 0.191919 1.285005
0.444444 0.191919 1.232493
0.454545 0.191919 1.181120
0.464646 0.191919 1.131622
0.474747 0.191919 1.084299
0.484848 0.191919 1.039436
0.494949 0.191919 0.996868
0.000000 0.202020 0.000000
0.010101 0.202020 0.030077
0.020202 0.202020 0.060246
0.030303 0.202020 0.090488
0.040404 0.202020 0.120916
0.050505 0.202020 0.151573
0.060606 0.202020 0.182492
0.070707 0.202020 0.213781
0.080808 0.202020 0.245435
0.090909 0.202020 0.277586
0.101010 0.202020 0.310197
0.111111 0.202020 0.343474
0.121212 0.202020 0.377387
0.131313 0.202020 0.411997
0.141414 0.202020 0.447469
0.151515 0.202020 0.483820
0.161616 0.202020 0.521252
0.171717 0.202020 0.559719
0.181818 0.202020 0.599462
0.191919 0.202020 0.640668
0.202020 0.202020 0.683453
0.212121 0.202020 0.727899
0.222222 0.202020 0.774248
0.232323 0.202020 0.822575
0.242424 0.202020 0.873201
0.252525 0.202020 0.926369
0.262626 0.202020 0.982293
0.272727 0.202020 1.041217
0.282828 0.202020 1.103363
0.292929 0.202020 1.168801
0.303030 0.202020 1.237494
0.313131 0.202020 1.309092
0.323232 0.202020 1.382568
0.333333 0.202020 1.455998
0.343434 0.202020 1.525911
0.353535 0.202020 1.586775
0.363636 0.202020 1.630918
0.373737 0.202020 1.650329
0.383838 0.202020 1.640610
0.393939 0.202020 1.606094
0.404040 0.202020 1.554882
0.414141 0.202020 1.494698
0.424242 0.202020 1.430969
0.434343 0.202020 1.367219
0.444444 0.202020 1.305373
0.454545 0.202020 1.246465
0.464646 0.202020 1.190791
0.474747 0.202020 1.138481
0.484848 0.202020 1.089376
0.494949 0.202020 1.043363
0.000000 0.212121 0.000000
0.010101 0.212121 0.031137
0.020202 0.212121 0.062422
0.030303 0.212121 0.093750
0.040404 0.212121 0.125344
0.050505 0.212121 0.157094
0.060606 0.212121 0.189201
0.070707 0.212121 0.221609
0.080808 0.212121 0.254464
0.090909 0.212121 0.287801
0.101010 0.212121 0.321621
0.111111 0.212121 0.356080
0.121212 0.212121 0.391212
0.131313 0.212121 0.427120
0.141414 0.212121 0.463853
0.151515 0.212121 0.501554
0.161616 0.212121 0.540354
0.171717 0.212121 0.580353
0.181818 0.212121 0.621624
0.191919 0.212121 0.664423
0.202020 0.212121 0.708965
0.212121 0.212121 0.755359
0.222222 0.212121 0.803830
0.232323 0.212121 0.854617
0.242424 0.212121 0.907943
0.252525 0.212121 0.964258
0.262626 0.212121 1.023856
0.272727 0.212121 1.087193
0.282828 0.212121 1.154760
0.292929 0.212121 1.226930
0.303030 0.212121 1.304066
0.313131 0.212121 1.386401
0.323232 0.212121 1.473497
0.333333 0.212121 1.564002
0.343434 0.212121 1.654460
0.353535 0.212121 1.737828
0.363636 0.212121 1.801885
0.373737 0.212121 1.830458
0.383838 0.212121 1.812069
0.393939 0.212121 1.758140
0.404040 0.212121 1.684967
0.414141 0.212121 1.604741
0.424242 0.212121 1.524436
0.434343 0.212121 1.447528
0.444444 0.212121 1.375454
0.454545 0.212121 1.308575
0.464646 0.212121 1.246709
0.474747 0.212121 1.189459
0.484848 0.212121 1.136395
0.494949 0.212121 1.087089
0.000000 0.222222 0.000000
0.010101 0.222222 0.032242
0.020202 0.222222 0.064556
0.030303 0.222222 0.097002
0.040404 0.222222 0.129614
0.050505 0.222222 0.162477
0.060606 0.222222 0.195607
0.070707 0.222222 0.229132
0.080808 0.222222 0.263012
0.090909 0.222222 0.297464
0.101010 0.222222 0.332406
0.111111 0.222222 0.367988
0.121212 0.222222 0.404262
0.131313 0.222222 0.441319
0.141414 0.222222 0.479269
0.151515 0.222222 0.518185
0.161616 0.222222 0.558255
0.171717 0.222222 0.599561
0.181818 0.222222 0.642259
0.191919 0.222222 0.686531
0.202020 0.222222 0.732626
0.212121 0.222222 0.780702
0.222222 0.222222 0.831095
0.232323 0.222222 0.883938
0.242424 0.222222 0.939693
0.252525 0.222222 0.998771
0.262626 0.222222 1.061678
0.272727 0.222222 1.129020
0.282828 0.222222 1.201553
0.292929 0.222222 1.280024
0.303030 0.222222 1.365439
0.313131 0.222222 1.458832
0.323232 0.222222 1.561016
0.333333 0.222222 1.672062
0.343434 0.222222 1.790100
0.353535 0.222222 1.908052
0.363636 0.222222 2.008338
0.373737 0.222222 2.057593
0.383838 0.222222 2.019069
0.393939 0.222222 1.929402
0.404040 0.222222 1.822104
0.414141 0.222222 1.714819
0.424242 0.222222 1.614506
0.434343 0.222222 1.523009
0.444444 0.222222 1.440340
0.454545 0.222222 1.365690
0.464646 0.222222 1.298010
0.474747 0.222222 1.236246
0.484848 0.222222 1.179656
0.494949 0.222222 1.127527
0.000000 0.232323 0.000000
0.010101 0.232323 0.033273
0.020202 0.232323 0.066616
0.030303 0.232323 0.100088
0.040404 0.232323 0.133735
0.050505 0.232323 0.167591
0.060606 0.232323 0.201775
0.070707 0.232323 0.236302
0.080808 0.232323 0.271222
0.090909 0.232323 0.306637
0.101010 0.232323 0.342620
0.111111 0.232323 0.379203
0.121212 0.232323 0.416523
0.131313 0.232323 0.454626
0.141414 0.232323 0.493654
0.151515 0.232323 0.533661
0.161616 0.232323 0.574871
0.171717 0.232323 0.617376
0.181818 0.232323 0.661273
0.191919 0.232323 0.706817
0.202020 0.232323 0.754218
0.212121 0.232323 0.803728
0.222222 0.232323 0.855677
0.232323 0.232323 0.910348
0.242424 0.232323 0.968067
0.252525 0.232323 1.029457
0.262626 0.232323 1.095026
0.272727 0.232323 1.165655
0.282828 0.232323 1.242294
0.292929 0.232323 1.326173
0.303030 0.232323 1.418867
0.313131 0.232323 1.522471
0.323232 0.232323 1.639550
0.333333 0.232323 1.773128
0.343434 0.232323 1.925825
0.353535 0.232323 2.095943
0.363636 0.232323 2.265882
0.373737 0.232323 2.372509
0.383838 0.232323 2.277076
0.393939 0.232323 2.118296
0.404040 0.232323 1.959366
0.414141 0.232323 1.817926
0.424242 0.232323 1.695533
0.434343 0.232323 1.589662
0.444444 0.232323 1.497268
0.454545 0.232323 1.415837
0.464646 0.232323 1.343218
0.474747 0.232323 1.277860
0.484848 0.232323 1.218415
0.494949 0.232323 1.164061
0.000000 0.242424 0.000000
0.010101 0.242424 0.034254
0.020202 0.242424 0.068547
0.030303 0.242424 0.103019
0.040404 0.242424 0.137647
0.050505 0.242424 0.172464
0.060606 0.242424 0.207600
0.070707 0.242424 0.243060
0.080808 0.242424 0.278938
0.090909 0.242424 0.315296
0.101010 0.242424 0.352232
0.111111 0.242424 0.389753
0.121212 0.242424 0.428000
0.131313 0.242424 0.467068
0.141414 0.242424 0.507058
0.151515 0.242424 0.548049
0.161616 0.242424 0.590193
0.171717 0.242424 0.633696
0.181818 0.242424 0.678642
0.191919 0.242424 0.725246
0.202020 0.242424 0.773703
0.212121 0.242424 0.824391
0.222222 0.242424 0.877536
0.232323 0.242424 0.933529
0.242424 0.242424 0.992771
0.252525 0.242424 1.055800
0.262626 0.242424 1.123313
0.272727 0.242424 1.196284
0.282828 0.242424 1.275794
0.292929 0.242424 1.363482
0.303030 0.242424 1.461384
0.313131 0.242424 1.572619
0.323232 0.242424 1.701586
0.333333 0.242424 1.855198
0.343434 0.242424 2.044130
0.353535 0.242424 2.283907
0.363636 0.242424 2.586737
0.373737 0.242424 2.889419
0.383838 0.242424 2.598429
0.393939 0.242424 2.307254
0.404040 0.242424 2.079137
0.414141 0.242424 1.901941
0.424242 0.242424 1.760039
0.434343 0.242424 1.642761
0.444444 0.242424 1.543234
0.454545 0.242424 1.457087
0.464646 0.242424 1.381163
0.474747 0.242424 1.313344
0.484848 0.242424 1.252083
0.494949 0.242424 1.196279
0.000000 0.252525 0.000000
0.010101 0.252525 0.035196
0.020202 0.252525 0.070406
0.030303 0.252525 0.105796
0.040404 0.252525 0.141278
0.050505 0.252525 0.177019
0.060606 0.252525 0.213023
0.070707 0.252525 0.249402
0.080808 0.252525 0.286145
0.090909 0.252525 0.323375
0.101010 0.252525 0.361162
0.111111 0.252525 0.399578
0.121212 0.252525 0.438674
0.131313 0.252525 0.478586
0.141414 0.252525 0.519431
0.151515 0.252525 0.561284
0.161616 0.252525 0.604272
0.171717 0.252525 0.648573
0.181818 0.252525 0.694362
0.191919 0.252525 0.741824
0.202020 0.252525 0.791121
0.212121 0.252525 0.842596
0.222222 0.252525 0.896601
0.232323 0.252525 0.953461
0.242424 0.252525 1.013637
0.252525 0.252525 1.077659
0.262626 0.252525 1.146250
0.272727 0.252525 1.220373
0.282828 0.252525 1.301256
0.292929 0.252525 1.390576
0.303030 0.252525 1.490698
0.313131 0.252525 1.605035
0.323232 0.252525 1.739057
0.333333 0.252525 1.901948
0.343434 0.252525 2.111641
0.353535 0.252525 2.408816
0.363636 0.252525 2.907769
0.373737 0.252525 4.000000
0.383838 0.252525 2.919935
0.393939 0.252525 2.433154
0.404040 0.252525 2.148154
0.414141 0.252525 1.950663
0.424242 0.252525 1.799942
0.434343 0.252525 1.678107
0.444444 0.252525 1.575984
0.454545 0.252525 1.488113
0.464646 0.252525 1.410962
0.474747 0.252525 1.342267
0.484848 0.252525 1.280321
0.494949 0.252525 1.223958
0.000000 0.262626 0.000000
0.010101 0.262626 0.036017
0.020202 0.262626 0.072085
0.030303 0.262626 0.108290
0.040404 0.262626 0.144653
0.050505 0.262626 0.181215
0.060606 0.262626 0.218072
0.070707 0.262626 0.255249
0.080808 0.262626 0.292865
0.090909 0.262626 0.330872
0.101010 0.262626 0.369464
0.111111 0.262626 0.408643
0.121212 0.262626 0.448533
0.131313 0.262626 0.489196
0.141414 0.262626 0.530797
0.151515 0.262626 0.573342
0.161616 0.262626 0.617040
0.171717 0.262626 0.661989
0.181818 0.262626 0.708411
0.191919 0.262626 0.756472
0.202020 0.262626 0.806360
0.212121 0.262626 0.858375
0.222222 0.262626 0.912810
0.232323 0.262626 0.970114
0.242424 0.262626 1.030658
0.252525 0.262626 1.094929
0.262626 0.262626 1.163656
0.272727 0.262626 1.237729
0.282828 0.262626 1.318281
0.292929 0.262626 1.406962
0.303030 0.262626 1.505798
0.313131 0.262626 1.617899
0.323232 0.262626 1.747660
0.333333 0.262626 1.902063
0.343434 0.262626 2.091672
0.353535 0.262626 2.332102
0.363636 0.262626 2.635522
0.373737 0.262626 2.938719
0.383838 0.262626 2.648157
0.393939 0.262626 2.357406
0.404040 0.262626 2.129660
0.414141 0.262626 1.952696
0.424242 0.262626 1.810959
0.434343 0.262626 1.693866
0.444444 0.262626 1.594481
0.454545 0.262626 1.508318
0.464646 0.262626 1.432303
0.474747 0.262626 1.364372
0.484848 0.262626 1.302977
0.494949 0.262626 1.246953
0.000000 0.272727 0.000000
0.010101 0.272727 0.036786
0.020202 0.272727 0.073653
0.030303 0.272727 0.110625
0.040404 0.272727 0.147756
0.050505 0.272727 0.185114
0.060606 0.272727 0.222708
0.070707 0.272727 0.260659
0.080808 0.272727 0.298986
0.090909 0.272727 0.337785
0.101010 0.272727 0.377065
0.111111 0.272727 0.416996
0.121212 0.272727 0.457536
0.131313 0.272727 0.498869
0.141414 0.272727 0.541067
0.151515 0.272727 0.584248
0.161616 0.272727 0.628477
0.171717 0.272727 0.673934
0.181818 0.272727 0.720810
0.191919 0.272727 0.769294
0.202020 0.272727 0.819497
0.212121 0.272727 0.871733
0.222222 0.272727 0.926291
0.232323 0.272727 0.983527
0.242424 0.272727 1.043866
0.252525 0.272727 1.107744
0.262626 0.272727 1.175719
0.272727 0.272727 1.248604
0.282828 0.272727 1.327333
0.292929 0.272727 1.413194
0.303030 0.272727 1.507759
0.313131 0.272727 1.613104
0.323232 0.272727 1.731831
0.333333 0.272727 1.866970
0.343434 0.272727 2.021033
0.353535 0.272727 2.192399
0.363636 0.272727 2.363535
0.373737 0.272727 2.471200
0.383838 0.272727 2.376658
0.393939 0.272727 2.218652
0.404040 0.272727 2.060433
0.414141 0.272727 1.919500
0.424242 0.272727 1.797497
0.434343 0.272727 1.691916
0.444444 0.272727 1.599762
0.454545 0.272727 1.518377
0.464646 0.272727 1.445577
0.474747 0.272727 1.379940
0.484848 0.272727 1.320233
0.494949 0.272727 1.265481
0.000000 0.282828 0.000000
0.010101 0.282828 0.037515
0.020202 0.282828 0.075117
0.030303 0.282828 0.112784
0.040404 0.282828 0.150631
0.050505 0.282828 0.188679
0.060606 0.282828 0.226988
0.070707 0.282828 0.265620
0.080808 0.282828 0.304636
0.090909 0.282828 0.344084
0.101010 0.282828 0.384015
0.111111 0.282828 0.424562
0.121212 0.282828 0.465748
0.131313 0.282828 0.507617
0.141414 0.282828 0.550356
0.151515 0.282828 0.593972
0.161616 0.282828 0.638685
0.171717 0.282828 0.684459
0.181818 0.282828 0.731600
0.191919 0.282828 0.780249
0.202020 0.282828 0.830602
0.212121 0.282828 0.882752
0.222222 0.282828 0.937093
0.232323 0.282828 0.993897
0.242424 0.282828 1.053536
0.252525 0.282828 1.116355
0.262626 0.282828 1.182871
0.272727 0.282828 1.253557
0.282828 0.282828 1.329252
0.292929 0.282828 1.410708
0.303030 0.282828 1.498940
0.313131 0.282828 1.594961
0.323232 0.282828 1.699592
0.333333 0.282828 1.812960
0.343434 0.282828 1.933092
0.353535 0.282828 2.052975
0.363636 0.282828 2.155019
0.373737 0.282828 2.205821
0.383838 0.282828 2.168624
0.393939 0.282828 2.080176
0.404040 0.282828 1.973919
0.414141 0.282828 1.867380
0.424242 0.282828 1.767614
0.434343 0.282828 1.676614
0.444444 0.282828 1.594277
0.454545 0.282828 1.519607
0.464646 0.282828 1.451690
0.474747 0.282828 1.389589
0.484848 0.282828 1.332534
0.494949 0.282828 1.279707
0.000000 0.292929 0.000000
0.010101 0.292929 0.038157
0.020202 0.292929 0.076430
0.030303 0.292929 0.114762
0.040404 0.292929 0.153281
0.050505 0.292929 0.191981
0.060606 0.292929 0.230934
0.070707 0.292929 0.270197
0.080808 0.292929 0.309820
0.090909 0.292929 0.349899
0.101010 0.292929 0.390391
0.111111 0.292929 0.431488
0.121212 0.292929 0.473141
0.131313 0.292929 0.515494
0.141414 0.292929 0.558614
0.151515 0.292929 0.602599
0.161616 0.292929 0.647576
0.171717 0.292929 0.693619
0.181818 0.292929 0.740853
0.191919 0.292929 0.789501
0.202020 0.292929 0.839689
0.212121 0.292929 0.891581
0.222222 0.292929 0.945412
0.232323 0.292929 1.001431
0.242424 0.292929 1.059935
0.252525 0.292929 1.121270
0.262626 0.292929 1.185610
0.272727 0.292929 1.253501
0.282828 0.292929 1.325269
0.292929 0.292929 1.401447
0.303030 0.292929 1.482329
0.313131 0.292929 1.568209
0.323232 0.292929 1.658587
0.333333 0.292929 1.752186
0.343434 0.292929 1.845441
0.353535 0.292929 1.931390
0.363636 0.292929 1.997769
0.373737 0.292929 2.028443
0.383838 0.292929 2.011851
0.393939 0.292929 1.959508
0.404040 0.292929 1.887648
0.414141 0.292929 1.808486
0.424242 0.292929 1.728968
0.434343 0.292929 1.652648
0.444444 0.292929 1.580903
0.454545 0.292929 1.514086
0.464646 0.292929 1.451934
0.474747 0.292929 1.394192
0.484848 0.292929 1.340463
0.494949 0.292929 1.290253
0.000000 0.303030 0.000000
0.010101 0.303030 0.038805
0.020202 0.303030 0.077685
0.030303 0.303030 0.116639
0.040404 0.303030 0.155750
0.050505 0.303030 0.195036
0.060606 0.303030 0.234569
0.070707 0.303030 0.274395
0.080808 0.303030 0.314547
0.090909 0.303030 0.355151
0.101010 0.303030 0.396163
0.111111 0.303030 0.437715
0.121212 0.303030 0.479835
0.131313 0.303030 0.522544
0.141414 0.303030 0.566008
0.151515 0.303030 0.610219
0.161616 0.303030 0.655401
0.171717 0.303030 0.701482
0.181818 0.303030 0.748692
0.191919 0.303030 0.797169
0.202020 0.303030 0.847072
0.212121 0.303030 0.898432
0.222222 0.303030 0.951541
0.232323 0.303030 1.006452
0.242424 0.303030 1.063503
0.252525 0.303030 1.122890
0.262626 0.303030 1.184798
0.272727 0.303030 1.249350
0.282828 0.303030 1.316876
0.292929 0.303030 1.387284
0.303030 0.303030 1.460720
0.313131 0.303030 1.536726
0.323232 0.303030 1.614359
0.333333 0.303030 1.691606
0.343434 0.303030 1.765094
0.353535 0.303030 1.829158
0.363636 0.303030 1.876224
0.373737 0.303030 1.898234
0.383838 0.303030 1.890829
0.393939 0.303030 1.858245
0.404040 0.303030 1.808678
0.414141 0.303030 1.749821
0.424242 0.303030 1.687126
0.434343 0.303030 1.624052
0.444444 0.303030 1.562600
0.454545 0.303030 1.503711
0.464646 0.303030 1.447766
0.474747 0.303030 1.394851
0.484848 0.303030 1.344874
0.494949 0.303030 1.297600
0.000000 0.313131 0.000000
0.010101 0.313131 0.039376
0.020202 0.313131 0.078822
0.030303 0.313131 0.118361
0.040404 0.313131 0.158020
0.050505 0.313131 0.197843
0.060606 0.313131 0.237921
0.070707 0.313131 0.278269
0.080808 0.313131 0.318932
0.090909 0.313131 0.359996
0.101010 0.313131 0.401440
0.111111 0.313131 0.443374
0.121212 0.313131 0.485806
0.131313 0.313131 0.528840
0.141414 0.313131 0.572489
0.151515 0.313131 0.616868
0.161616 0.313131 0.662088
0.171717 0.313131 0.708215
0.181818 0.313131 0.755242
0.191919 0.313131 0.803411
0.202020 0.313131 0.852804
0.212121 0.313131 0.903533
0.222222 0.313131 0.955644
0.232323 0.313131 1.009333
0.242424 0.313131 1.064705
0.252525 0.313131 1.121991
0.262626 0.313131 1.181077
0.272727 0.313131 1.242225
0.282828 0.313131 1.305222
0.292929 0.313131 1.370092
0.303030 0.313131 1.436406
0.313131 0.313131 1.503617
0.323232 0.313131 1.570350
0.333333 0.313131 1.634786
0.343434 0.313131 1.693991
0.353535 0.313131 1.743922
0.363636 0.313131 1.779802
0.373737 0.313131 1.797439
0.383838 0.313131 1.794865
0.393939 0.313131 1.773966
0.404040 0.313131 1.739099
0.414141 0.313131 1.694996
0.424242 0.313131 1.645599
0.434343 0.313131 1.593835
0.444444 0.313131 1.541695
0.454545 0.313131 1.490392
0.464646 0.313131 1.440570
0.474747 0.313131 1.392573
0.484848 0.313131 1.346529
0.494949 0.313131 1.302467
0.000000 0.323232 0.000000
0.010101 0.323232 0.039915
0.020202 0.323232 0.079867
0.030303 0.323232 0.119941
0.040404 0.323232 0.160126
0.050505 0.323232 0.200449
0.060606 0.323232 0.241006
0.070707 0.323232 0.281814
0.080808 0.323232 0.322915
0.090909 0.323232 0.364370
0.101010 0.323232 0.406226
0.111111 0.323232 0.448443
0.121212 0.323232 0.491176
0.131313 0.323232 0.534401
0.141414 0.323232 0.578241
0.151515 0.323232 0.622672
0.161616 0.323232 0.667866
0.171717 0.323232 0.713828
0.181818 0.323232 0.760649
0.191919 0.323232 0.808390
0.202020 0.323232 0.857198
0.212121 0.323232 0.907074
0.222222 0.323232 0.958167
0.232323 0.323232 1.010396
0.242424 0.323232 1.063991
0.252525 0.323232 1.118949
0.262626 0.323232 1.175295
0.272727 0.323232 1.232902
0.282828 0.323232 1.291695
0.292929 0.323232 1.351235
0.303030 0.323232 1.411197
0.313131 0.323232 1.470718
0.323232 0.323232 1.528637
0.333333 0.323232 1.583206
0.343434 0.323232 1.632162
0.353535 0.323232 1.672620
0.363636 0.323232 1.701621
0.373737 0.323232 1.716862
0.383838 0.323232 1.717227
0.393939 0.323232 1.703721
0.404040 0.323232 1.678758
0.414141 0.323232 1.645451
0.424242 0.323232 1.606438
0.434343 0.323232 1.564004
0.444444 0.323232 1.519952
0.454545 0.323232 1.475574
0.464646 0.323232 1.431547
0.474747 0.323232 1.388303
0.484848 0.323232 1.346200
0.494949 0.323232 1.305375
0.000000 0.333333 0.000000
0.010101 0.333333 0.040418
0.020202 0.333333 0.080856
0.030303 0.333333 0.121410
0.040404 0.333333 0.162044
0.050505 0.333333 0.202822
0.060606 0.333333 0.243819
0.070707 0.333333 0.285065
0.080808 0.333333 0.326535
0.090909 0.333333 0.368345
0.101010 0.333333 0.410476
0.111111 0.333333 0.452996
0.121212 0.333333 0.495921
0.131313 0.333333 0.539347
0.141414 0.333333 0.583228
0.151515 0.333333 0.627713
0.161616 0.333333 0.672772
0.171717 0.333333 0.718583
0.181818 0.333333 0.765030
0.191919 0.333333 0.812302
0.202020 0.333333 0.860381
0.212121 0.333333 0.909396
0.222222 0.333333 0.959262
0.232323 0.333333 1.010091
0.242424 0.333333 1.061814
0.252525 0.333333 1.114518
0.262626 0.333333 1.168081
0.272727 0.333333 1.222394
0.282828 0.333333 1.277126
0.292929 0.333333 1.331957
0.303030 0.333333 1.386317
0.313131 0.333333 1.439420
0.323232 0.333333 1.490234
0.333333 0.333333 1.537238
0.343434 0.333333 1.578790
0.353535 0.333333 1.612777
0.363636 0.333333 1.637427
0.373737 0.333333 1.651160
0.383838 0.333333 1.653514
0.393939 0.333333 1.644933
0.404040 0.333333 1.627030
0.414141 0.333333 1.601611
0.424242 0.333333 1.570607
0.434343 0.333333 1.535790
0.444444 0.333333 1.498710
0.454545 0.333333 1.460403
0.464646 0.333333 1.421614
0.474747 0.333333 1.382890
0.484848 0.333333 1.344552
0.494949 0.333333 1.306944
0.000000 0.343434 0.000000
0.010101 0.343434 0.040851
0.020202 0.343434 0.081731
0.030303 0.343434 0.122716
0.040404 0.343434 0.163816
0.050505 0.343434 0.204989
0.060606 0.343434 0.246384
0.070707 0.343434 0.287970
0.080808 0.343434 0.329816
0.090909 0.343434 0.371901
0.101010 0.343434 0.414336
0.111111 0.343434 0.457041
0.121212 0.343434 0.500164
0.131313 0.343434 0.543644
0.141414 0.343434 0.587612
0.151515 0.343434 0.632000
0.161616 0.343434 0.676924
0.171717 0.343434 0.722454
0.181818 0.343434 0.768584
0.191919 0.343434 0.815264
0.202020 0.343434 0.862630
0.212121 0.343434 0.910660
0.222222 0.343434 0.959393
0.232323 0.343434 1.008712
0.242424 0.343434 1.058655
0.252525 0.343434 1.109165
0.262626 0.343434 1.160115
0.272727 0.343434 1.211324
0.282828 0.343434 1.262458
0.292929 0.343434 1.313110
0.303030 0.343434 1.362694
0.313131 0.343434 1.410536
0.323232 0.343434 1.455642
0.333333 0.343434 1.496929
0.343434 0.343434 1.532983
0.353535 0.343434 1.562516
0.363636 0.343434 1.584151
0.373737 0.343434 1.597019
0.383838 0.343434 1.600737
0.393939 0.343434 1.595719
0.404040 0.343434 1.582817
0.414141 0.343434 1.563321
0.424242 0.343434 1.538589
0.434343 0.343434 1.509999
0.444444 0.343434 1.478694
0.454545 0.343434 1.445693
0.464646 0.343434 1.411617
0.474747 0.343434 1.376951
0.484848 0.343434 1.342171
0.494949 0.343434 1.307642
0.000000 0.353535 0.000000
0.010101 0.353535 0.041257
0.020202 0.353535 0.082533
0.030303 0.353535 0.123906
0.040404 0.353535 0.165354
0.050505 0.353535 0.206934
0.060606 0.353535 0.248661
0.070707 0.353535 0.290615
0.080808 0.353535 0.332723
0.090909 0.353535 0.375105
0.101010 0.353535 0.417721
0.111111 0.353535 0.460668
0.121212 0.353535 0.503876
0.131313 0.353535 0.547451
0.141414 0.353535 0.591397
0.151515 0.353535 0.635751
0.161616 0.353535 0.680485
0.171717 0.353535 0.725725
0.181818 0.353535 0.771388
0.191919 0.353535 0.817541
0.202020 0.353535 0.864135
0.212121 0.353535 0.911223
0.222222 0.353535 0.958773
0.232323 0.353535 1.006708
0.242424 0.353535 1.054936
0.252525 0.353535 1.103370
0.262626 0.353535 1.151947
0.272727 0.353535 1.200329
0.282828 0.353535 1.248292
0.292929 0.353535 1.295333
0.303030 0.353535 1.340908
0.313131 0.353535 1.384389
0.323232 0.353535 1.425032
0.333333 0.353535 1.461852
0.343434 0.353535 1.493908
0.353535 0.353535 1.520153
0.363636 0.353535 1.539749
0.373737 0.353535 1.552026
0.383838 0.353535 1.556855
0.393939 0.353535 1.554387
0.404040 0.353535 1.545241
0.414141 0.353535 1.530268
0.424242 0.353535 1.510496
0.434343 0.353535 1.486923
0.444444 0.353535 1.460539
0.454545 0.353535 1.432056
0.464646 0.353535 1.402070
0.474747 0.353535 1.371125
0.484848 0.353535 1.339657
0.494949 0.353535 1.307970
0.000000 0.363636 0.000000
0.010101 0.363636 0.041606
0.020202 0.363636 0.083239
0.030303 0.363636 0.124952
0.040404 0.363636 0.166760
0.050505 0.363636 0.208656
0.060606 0.363636 0.250712
0.070707 0.363636 0.292930
0.080808 0.363636 0.335357
0.090909 0.363636 0.377941
0.101010 0.363636 0.420773
0.111111 0.363636 0.463865
0.121212 0.363636 0.507221
0.131313 0.363636 0.550816
0.141414 0.363636 0.594773
0.151515 0.363636 0.638971
0.161616 0.363636 0.683539
0.171717 0.363636 0.728433
0.181818 0.363636 0.773703
0.191919 0.363636 0.819273
0.202020 0.363636 0.865148
0.212121 0.363636 0.911332
0.222222 0.363636 0.957766
0.232323 0.363636 1.004372
0.242424 0.363636 1.051011
0.252525 0.363636 1.097627
0.262626 0.363636 1.143972
0.272727 0.363636 1.189922
0.282828 0.363636 1.235048
0.292929 0.363636 1.278995
0.303030 0.363636 1.321216
0.313131 0.363636 1.361207
0.323232 0.363636 1.398247
0.333333 0.363636 1.431660
0.343434 0.363636 1.460646
0.353535 0.363636 1.484547
0.363636 0.363636 1.502667
0.373737 0.363636 1.514634
0.383838 0.363636 1.520269
0.393939 0.363636 1.519779
0.404040 0.363636 1.513493
0.414141 0.363636 1.502070
0.424242 0.363636 1.486203
0.434343 0.363636 1.466831
0.444444 0.363636 1.444481
0.454545 0.363636 1.419873
0.464646 0.363636 1.393480
0.474747 0.363636 1.365871
0.484848 0.363636 1.337360
0.494949 0.363636 1.308406
0.000000 0.373737 0.000000
0.010101 0.373737 0.041929
0.020202 0.373737 0.083876
0.030303 0.373737 0.125904
0.040404 0.373737 0.167994
0.050505 0.373737 0.210219
0.060606 0.373737 0.252553
0.070707 0.373737 0.295037
0.080808 0.373737 0.337713
0.090909 0.373737 0.380531
0.101010 0.373737 0.423549
0.111111 0.373737 0.466797
0.121212 0.373737 0.510192
0.131313 0.373737 0.553822
0.141414 0.373737 0.597707
0.151515 0.373737 0.641820
0.161616 0.373737 0.686178
0.171717 0.373737 0.730764
0.181818 0.373737 0.775616
0.191919 0.373737 0.820699
0.202020 0.373737 0.865861
0.212121 0.373737 0.911190
0.222222 0.373737 0.956605
0.232323 0.373737 1.002003
0.242424 0.373737 1.047227
0.252525 0.373737 1.092156
0.262626 0.373737 1.136580
0.272727 0.373737 1.180338
0.282828 0.373737 1.223040
0.292929 0.373737 1.264385
0.303030 0.373737 1.303821
0.313131 0.373737 1.340976
0.323232 0.373737 1.375136
0.333333 0.373737 1.405896
0.343434 0.373737 1.432592
0.353535 0.373737 1.454720
0.363636 0.373737 1.471805
0.373737 0.373737 1.483575
0.383838 0.373737 1.489943
0.393939 0.373737 1.490969
0.404040 0.373737 1.486948
0.414141 0.373737 1.478316
0.424242 0.373737 1.465744
0.434343 0.373737 1.449717
0.444444 0.373737 1.430780
0.454545 0.373737 1.409476
0.464646 0.373737 1.386200
0.474747 0.373737 1.361521
0.484848 0.373737 1.335738
0.494949 0.373737 1.309202
0.000000 0.383838 0.000000
0.010101 0.383838 0.042218
0.020202 0.383838 0.084432
0.030303 0.383838 0.126765
0.040404 0.383838 0.169094
0.050505 0.383838 0.211651
0.060606 0.383838 0.254245
0.070707 0.383838 0.297008
0.080808 0.383838 0.339927
0.090909 0.383838 0.382918
0.101010 0.383838 0.426096
0.111111 0.383838 0.469423
0.121212 0.383838 0.512931
0.131313 0.383838 0.556559
0.141414 0.383838 0.600415
0.151515 0.383838 0.644387
0.161616 0.383838 0.688590
0.171717 0.383838 0.732845
0.181818 0.383838 0.777297
0.191919 0.383838 0.821853
0.202020 0.383838 0.866410
0.212121 0.383838 0.910993
0.222222 0.383838 0.955461
0.232323 0.383838 0.999758
0.242424 0.383838 1.043738
0.252525 0.383838 1.087138
0.262626 0.383838 1.129854
0.272727 0.383838 1.171725
0.282828 0.383838 1.212391
0.292929 0.383838 1.251503
0.303030 0.383838 1.288709
0.313131 0.383838 1.323488
0.323232 0.383838 1.355424
0.333333 0.383838 1.384144
0.343434 0.383838 1.409104
0.353535 0.383838 1.429920
0.363636 0.383838 1.446256
0.373737 0.383838 1.458012
0.383838 0.383838 1.464958
0.393939 0.383838 1.467225
0.404040 0.383838 1.465012
0.414141 0.383838 1.458743
0.424242 0.383838 1.448738
0.434343 0.383838 1.435505
0.444444 0.383838 1.419444
0.454545 0.383838 1.400867
0.464646 0.383838 1.380324
0.474747 0.383838 1.358216
0.484848 0.383838 1.334868
0.494949 0.383838 1.310538
0.000000 0.393939 0.000000
0.010101 0.393939 0.042509
0.020202 0.393939 0.085048
0.030303 0.393939 0.127630
0.040404 0.393939 0.170285
0.050505 0.393939 0.213046
0.060606 0.393939 0.255900
0.070707 0.393939 0.298824
0.080808 0.393939 0.341944
0.090909 0.393939 0.385120
0.101010 0.393939 0.428423
0.111111 0.393939 0.471869
0.121212 0.393939 0.515383
0.131313 0.393939 0.559070
0.141414 0.393939 0.602815
0.151515 0.393939 0.646722
0.161616 0.393939 0.690699
0.171717 0.393939 0.734729
0.181818 0.393939 0.778855
0.191919 0.393939 0.823008
0.202020 0.393939 0.866997
0.212121 0.393939 0.910910
0.222222 0.393939 0.954510
0.232323 0.393939 0.997828
0.242424 0.393939 1.040637
0.252525 0.393939 1.082807
0.262626 0.393939 1.124061
0.272727 0.393939 1.164317
0.282828 0.393939 1.203235
0.292929 0.393939 1.240525
0.303030 0.393939 1.275879
0.313131 0.393939 1.308843
0.323232 0.393939 1.339039
0.333333 0.393939 1.366150
0.343434 0.393939 1.389778
0.353535 0.393939 1.409601
0.363636 0.393939 1.425521
0.373737 0.393939 1.437259
0.383838 0.393939 1.444703
0.393939 0.393939 1.447960
0.404040 0.393939 1.447323
0.414141 0.393939 1.442905
0.424242 0.393939 1.435056
0.434343 0.393939 1.424119
0.444444 0.393939 1.410370
0.454545 0.393939 1.394226
0.464646 0.393939 1.376006
0.474747 0.393939 1.356150
0.484848 0.393939 1.334956
0.494949 0.393939 1.312636
0.000000 0.404040 0.000000
0.010101 0.404040 0.042802
0.020202 0.404040 0.085621
0.030303 0.404040 0.128485
0.040404 0.404040 0.171370
0.050505 0.404040 0.214407
0.060606 0.404040 0.257484
0.070707 0.404040 0.300629
0.080808 0.404040 0.343904
0.090909 0.404040 0.387188
0.101010 0.404040 0.430609
0.111111 0.404040 0.474073
0.121212 0.404040 0.517661
0.131313 0.404040 0.561319
0.141414 0.404040 0.605051
0.151515 0.404040 0.648877
0.161616 0.404040 0.692755
0.171717 0.404040 0.736568
0.181818 0.404040 0.780385
0.191919 0.404040 0.824105
0.202020 0.404040 0.867661
0.212121 0.404040 0.910927
0.222222 0.404040 0.953842
0.232323 0.404040 0.996302
0.242424 0.404040 1.038174
0.252525 0.404040 1.079212
0.262626 0.404040 1.119268
0.272727 0.404040 1.158206
0.282828 0.404040 1.195707
0.292929 0.404040 1.231569
0.303030 0.404040 1.265440
0.313131 0.404040 1.296920
0.323232 0.404040 1.325737
0.333333 0.404040 1.351630
0.343434 0.404040 1.374257
0.353535 0.404040 1.393438
0.363636 0.404040 1.408969
0.373737 0.404040 1.420743
0.383838 0.404040 1.428634
0.393939 0.404040 1.432845
0.404040 0.404040 1.433414
0.414141 0.404040 1.430566
0.424242 0.404040 1.424463
0.434343 0.404040 1.415400
0.444444 0.404040 1.403693
0.454545 0.404040 1.389530
0.464646 0.404040 1.373326
0.474747 0.404040 1.355476
0.484848 0.404040 1.336171
0.494949 0.404040 1.315595
0.000000 0.414141 0.000000
0.010101 0.414141 0.043078
0.020202 0.414141 0.086187
0.030303 0.414141 0.129319
0.040404 0.414141 0.172475
0.050505 0.414141 0.215727
0.060606 0.414141 0.258965
0.070707 0.414141 0.302304
0.080808 0.414141 0.345656
0.090909 0.414141 0.389120
0.101010 0.414141 0.432598
0.111111 0.414141 0.476153
0.121212 0.414141 0.519802
0.131313 0.414141 0.563495
0.141414 0.414141 0.607231
0.151515 0.414141 0.650978
0.161616 0.414141 0.694736
0.171717 0.414141 0.738403
0.181818 0.414141 0.781964
0.191919 0.414141 0.825367
0.202020 0.414141 0.868504
0.212121 0.414141 0.911293
0.222222 0.414141 0.953611
0.232323 0.414141 0.995362
0.242424 0.414141 1.036433
0.252525 0.414141 1.076600
0.262626 0.414141 1.115701
0.272727 0.414141 1.153531
0.282828 0.414141 1.189940
0.292929 0.414141 1.224603
0.303030 0.414141 1.257280
0.313131 0.414141 1.287661
0.323232 0.414141 1.315413
0.333333 0.414141 1.340375
0.343434 0.414141 1.362266
0.353535 0.414141 1.380924
0.363636 0.414141 1.396256
0.373737 0.414141 1.408109
0.383838 0.414141 1.416472
0.393939 0.414141 1.421370
0.404040 0.414141 1.423061
0.414141 0.414141 1.421481
0.424242 0.414141 1.416813
0.434343 0.414141 1.409328
0.444444 0.414141 1.399284
0.454545 0.414141 1.386875
0.464646 0.414141 1.372453
0.474747 0.414141 1.356258
0.484848 0.414141 1.338653
0.494949 0.414141 1.319645
0.000000 0.424242 0.000000
0.010101 0.424242 0.043350
0.020202 0.424242 0.086730
0.030303 0.424242 0.130070
0.040404 0.424242 0.173485
0.050505 0.424242 0.216859
0.060606 0.424242 0.260346
0.070707 0.424242 0.303775
0.080808 0.424242 0.347297
0.090909 0.424242 0.390896
0.101010 0.424242 0.434510
0.111111 0.424242 0.478205
0.121212 0.424242 0.521897
0.131313 0.424242 0.565670
0.141414 0.424242 0.609399
0.151515 0.424242 0.653122
0.161616 0.424242 0.696809
0.171717 0.424242 0.740328
0.181818 0.424242 0.783699
0.191919 0.424242 0.826849
0.202020 0.424242 0.869696
0.212121 0.424242 0.912080
0.222222 0.424242 0.953948
0.232323 0.424242 0.995155
0.242424 0.424242 1.035594
0.252525 0.424242 1.075075
0.262626 0.424242 1.113404
0.272727 0.424242 1.150407
0.282828 0.424242 1.185917
0.292929 0.424242 1.219633
0.303030 0.424242 1.251415
0.313131 0.424242 1.280882
0.323232 0.424242 1.307878
0.333333 0.424242 1.332126
0.343434 0.424242 1.353506
0.353535 0.424242 1.371843
0.363636 0.424242 1.387020
0.373737 0.424242 1.399042
0.383838 0.424242 1.407775
0.393939 0.424242 1.413453
0.404040 0.424242 1.415979
0.414141 0.424242 1.415433
0.424242 0.424242 1.411980
0.434343 0.424242 1.405842
0.444444 0.424242 1.397241
0.454545 0.424242 1.386300
0.464646 0.424242 1.373355
0.474747 0.424242 1.358709
0.484848 0.424242 1.342540
0.494949 0.424242 1.324884
0.000000 0.434343 0.000000
0.010101 0.434343 0.043593
0.020202 0.434343 0.087147
0.030303 0.434343 0.130746
0.040404 0.434343 0.174274
0.050505 0.434343 0.217880
0.060606 0.434343 0.261488
0.070707 0.434343 0.305153
0.080808 0.434343 0.348881
0.090909 0.434343 0.392656
0.101010 0.434343 0.436462
0.111111 0.434343 0.480262
0.121212 0.434343 0.524084
0.131313 0.434343 0.567889
0.141414 0.434343 0.611633
0.151515 0.434343 0.655302
0.161616 0.434343 0.698942
0.171717 0.434343 0.742402
0.181818 0.434343 0.785653
0.191919 0.434343 0.828632
0.202020 0.434343 0.871238
0.212121 0.434343 0.913384
0.222222 0.434343 0.954893
0.232323 0.434343 0.995715
0.242424 0.434343 1.035686
0.252525 0.434343 1.074702
0.262626 0.434343 1.112385
0.272727 0.434343 1.148777
0.282828 0.434343 1.183554
0.292929 0.434343 1.216597
0.303030 0.434343 1.247679
0.313131 0.434343 1.276575
0.323232 0.434343 1.302948
0.333333 0.434343 1.326745
0.343434 0.434343 1.347784
0.353535 0.434343 1.365921
0.363636 0.434343 1.381092
0.373737 0.434343 1.393265
0.383838 0.434343 1.402478
0.393939 0.434343 1.408690
0.404040 0.434343 1.411915
0.414141 0.434343 1.412294
0.424242 0.434343 1.409817
0.434343 0.434343 1.404820
0.444444 0.434343 1.397360
0.454545 0.434343 1.387728
0.464646 0.434343 1.376057
0.474747 0.434343 1.362682
0.484848 0.434343 1.347727
0.494949 0.434343 1.331345
0.000000 0.444444 0.000000
0.010101 0.444444 0.043766
0.020202 0.444444 0.087519
0.030303 0.444444 0.131258
0.040404 0.444444 0.174987
0.050505 0.444444 0.218768
0.060606 0.444444 0.262575
0.070707 0.444444 0.306485
0.080808 0.444444 0.350419
0.090909 0.444444 0.394393
0.101010 0.444444 0.438419
0.111111 0.444444 0.482331
0.121212 0.444444 0.526290
0.131313 0.444444 0.570141
0.141414 0.444444 0.613942
0.151515 0.444444 0.657666
0.161616 0.444444 0.701254
0.171717 0.444444 0.744707
0.181818 0.444444 0.787878
0.191919 0.444444 0.830763
0.202020 0.444444 0.873240
0.212121 0.444444 0.915196
0.222222 0.444444 0.956524
0.232323 0.444444 0.997051
0.242424 0.444444 1.036733
0.252525 0.444444 1.075307
0.262626 0.444444 1.112658
0.272727 0.444444 1.148585
0.282828 0.444444 1.182923
0.292929 0.444444 1.215494
0.303030 0.444444 1.246130
0.313131 0.444444 1.274543
0.323232 0.444444 1.300594
0.333333 0.444444 1.324102
0.343434 0.444444 1.344963
0.353535 0.444444 1.362966
0.363636 0.444444 1.378163
0.373737 0.444444 1.390621
0.383838 0.444444 1.400181
0.393939 0.444444 1.406841
0.404040 0.444444 1.410699
0.414141 0.444444 1.411754
0.424242 0.444444 1.410175
0.434343 0.444444 1.406063
0.444444 0.444444 1.399651
0.454545 0.444444 1.391031
0.464646 0.444444 1.380463
0.474747 0.444444 1.368196
0.484848 0.444444 1.354340
0.494949 0.444444 1.338950
0.000000 0.454545 0.000000
0.010101 0.454545 0.043953
0.020202 0.454545 0.087848
0.030303 0.454545 0.131779
0.040404 0.454545 0.175707
0.050505 0.454545 0.219631
0.060606 0.454545 0.263708
0.070707 0.454545 0.307795
0.080808 0.454545 0.351916
0.090909 0.454545 0.396078
0.101010 0.454545 0.440210
0.111111 0.454545 0.484354
0.121212 0.454545 0.528403
0.131313 0.454545 0.572444
0.141414 0.454545 0.616344
0.151515 0.454545 0.660166
0.161616 0.454545 0.703820
0.171717 0.454545 0.747292
0.181818 0.454545 0.790478
0.191919 0.454545 0.833302
0.202020 0.454545 0.875749
0.212121 0.454545 0.917637
0.222222 0.454545 0.958836
0.232323 0.454545 0.999231
0.242424 0.454545 1.038738
0.252525 0.454545 1.077136
0.262626 0.454545 1.114288
0.272727 0.454545 1.149982
0.282828 0.454545 1.184039
0.292929 0.454545 1.216325
0.303030 0.454545 1.246677
0.313131 0.454545 1.274871
0.323232 0.454545 1.300726
0.333333 0.454545 1.324106
0.343434 0.454545 1.344812
0.353535 0.454545 1.362816
0.363636 0.454545 1.378245
0.373737 0.454545 1.390875
0.383838 0.454545 1.400736
0.393939 0.454545 1.407796
0.404040 0.454545 1.412161
0.414141 0.454545 1.413849
0.424242 0.454545 1.412941
0.434343 0.454545 1.409606
0.444444 0.454545 1.404008
0.454545 0.454545 1.396280
0.464646 0.454545 1.386676
0.474747 0.454545 1.375298
0.484848 0.454545 1.362365
0.494949 0.454545 1.347896
0.000000 0.464646 0.000000
0.010101 0.464646 0.044062
0.020202 0.464646 0.088141
0.030303 0.464646 0.132249
0.040404 0.464646 0.176431
0.050505 0.464646 0.220585
0.060606 0.464646 0.264830
0.070707 0.464646 0.309091
0.080808 0.464646 0.353374
0.090909 0.464646 0.397679
0.101010 0.464646 0.441991
0.111111 0.464646 0.486275
0.121212 0.464646 0.530525
0.131313 0.464646 0.574725
0.141414 0.464646 0.618822
0.151515 0.464646 0.662793
0.161616 0.464646 0.706569
0.171717 0.464646 0.750174
0.181818 0.464646 0.793439
0.191919 0.464646 0.836359
0.202020 0.464646 0.878817
0.212121 0.464646 0.920734
0.222222 0.464646 0.961950
0.232323 0.464646 1.002373
0.242424 0.464646 1.041851
0.252525 0.464646 1.080231
0.262626 0.464646 1.117376
0.272727 0.464646 1.152933
0.282828 0.464646 1.186925
0.292929 0.464646 1.219105
0.303030 0.464646 1.249383
0.313131 0.464646 1.277470
0.323232 0.464646 1.303334
0.333333 0.464646 1.326598
0.343434 0.464646 1.347361
0.353535 0.464646 1.365566
0.363636 0.464646 1.381128
0.373737 0.464646 1.393953
0.383838 0.464646 1.404091
0.393939 0.464646 1.411501
0.404040 0.464646 1.416299
0.414141 0.464646 1.418439
0.424242 0.464646 1.418133
0.434343 0.464646 1.415400
0.444444 0.464646 1.410495
0.454545 0.464646 1.403506
0.464646 0.464646 1.394665
0.474747 0.464646 1.384082
0.484848 0.464646 1.371927
0.494949 0.464646 1.358202
0.000000 0.474747 0.000000
0.010101 0.474747 0.044156
0.020202 0.474747 0.088402
0.030303 0.474747 0.132646
0.040404 0.474747 0.177040
0.050505 0.474747 0.221448
0.060606 0.474747 0.265872
0.070707 0.474747 0.310365
0.080808 0.474747 0.354793
0.090909 0.474747 0.399274
0.101010 0.474747 0.443771
0.111111 0.474747 0.488229
0.121212 0.474747 0.532707
0.131313 0.474747 0.577108
0.141414 0.474747 0.621416
0.151515 0.474747 0.665614
0.161616 0.474747 0.709589
0.171717 0.474747 0.753397
0.181818 0.474747 0.796832
0.191919 0.474747 0.839880
0.202020 0.474747 0.882515
0.212121 0.474747 0.924533
0.222222 0.474747 0.965925
0.232323 0.474747 1.006462
0.242424 0.474747 1.046052
0.252525 0.474747 1.084561
0.262626 0.474747 1.121729
0.272727 0.474747 1.157449
0.282828 0.474747 1.191502
0.292929 0.474747 1.223790
0.303030 0.474747 1.254090
0.313131 0.474747 1.282290
0.323232 0.474747 1.308164
0.333333 0.474747 1.331589
0.343434 0.474747 1.352579
0.353535 0.474747 1.370959
0.363636 0.474747 1.386680
0.373737 0.474747 1.399716
0.383838 0.474747 1.410084
0.393939 0.474747 1.417818
0.404040 0.474747 1.422897
0.414141 0.474747 1.425473
0.424242 0.474747 1.425560
0.434343 0.474747 1.423364
0.444444 0.474747 1.418960
0.454545 0.474747 1.412585
0.464646 0.474747 1.404354
0.474747 0.474747 1.394439
0.484848 0.474747 1.382868
0.494949 0.474747 1.369842
0.000000 0.484848 0.000000
0.010101 0.484848 0.044345
0.020202 0.484848 0.088664
0.030303 0.484848 0.133144
0.040404 0.484848 0.177636
0.050505 0.484848 0.222213
0.060606 0.484848 0.266847
0.070707 0.484848 0.311494
0.080808 0.484848 0.356157
0.090909 0.484848 0.400863
0.101010 0.484848 0.445588
0.111111 0.484848 0.490280
0.121212 0.484848 0.534965
0.131313 0.484848 0.579574
0.141414 0.484848 0.624122
0.151515 0.484848 0.668531
0.161616 0.484848 0.712776
0.171717 0.484848 0.756839
0.181818 0.484848 0.800612
0.191919 0.484848 0.843935
0.202020 0.484848 0.886829
0.212121 0.484848 0.929133
0.222222 0.484848 0.970757
0.232323 0.484848 1.011527
0.242424 0.484848 1.051333
0.252525 0.484848 1.090070
0.262626 0.484848 1.127530
0.272727 0.484848 1.163510
0.282828 0.484848 1.197845
0.292929 0.484848 1.230357
0.303030 0.484848 1.260897
0.313131 0.484848 1.289311
0.323232 0.484848 1.315444
0.333333 0.484848 1.339184
0.343434 0.484848 1.360406
0.353535 0.484848 1.378975
0.363636 0.484848 1.394916
0.373737 0.484848 1.408117
0.383838 0.484848 1.418711
0.393939 0.484848 1.426633
0.404040 0.484848 1.431997
0.414141 0.484848 1.434816
0.424242 0.484848 1.435269
0.434343 0.484848 1.433393
0.444444 0.484848 1.429397
0.454545 0.484848 1.423473
0.464646 0.484848 1.415728
0.474747 0.484848 1.406300
0.484848 0.484848 1.395263
0.494949 0.484848 1.382773
0.000000 0.494949 0.000000
0.010101 0.494949 0.044559
0.020202 0.494949 0.089073
0.030303 0.494949 0.133628
0.040404 0.494949 0.178276
0.050505 0.494949 0.222923
0.060606 0.494949 0.267753
0.070707 0.494949 0.312608
0.080808 0.494949 0.357496
0.090909 0.494949 0.402431
0.101010 0.494949 0.447366
0.111111 0.494949 0.492338
0.121212 0.494949 0.537221
0.131313 0.494949 0.582103
0.141414 0.494949 0.626902
0.151515 0.494949 0.671610
0.161616 0.494949 0.716177
0.171717 0.494949 0.760569
0.181818 0.494949 0.804670
0.191919 0.494949 0.848419
0.202020 0.494949 0.891673
0.212121 0.494949 0.934414
0.222222 0.494949 0.976393
0.232323 0.494949 1.017557
0.242424 0.494949 1.057784
0.252525 0.494949 1.096857
0.262626 0.494949 1.134796
0.272727 0.494949 1.171218
0.282828 0.494949 1.205956
0.292929 0.494949 1.238896
0.303030 0.494949 1.269832
0.313131 0.494949 1.298612
0.323232 0.494949 1.325196
0.333333 0.494949 1.349295
0.343434 0.494949 1.370778
0.353535 0.494949 1.389619
0.363636 0.494949 1.405742
0.373737 0.494949 1.419126
0.383838 0.494949 1.429904
0.393939 0.494949 1.438006
0.404040 0.494949 1.443521
0.414141 0.494949 1.446524
0.424242 0.494949 1.447171
0.434343 0.494949 1.445540
0.444444 0.494949 1.441828
0.454545 0.494949 1.436184
0.464646 0.494949 1.428821
0.474747 0.494949 1.419768
0.484848 0.494949 1.409124
0.494949 0.494949 1.397052
