0.505050 0.505050 1.399692
0.515152 0.505050 1.385536
0.525253 0.505050 1.370218
0.535354 0.505050 1.353823
0.545455 0.505050 1.336381
0.555556 0.505050 1.318053
0.565657 0.505050 1.298705
0.575758 0.505050 1.278456
0.585859 0.505050 1.257229
0.595960 0.505050 1.235158
0.606061 0.505050 1.212118
0.616162 0.505050 1.188171
0.626263 0.505050 1.163304
0.636364 0.505050 1.137593
0.646465 0.505050 1.111020
0.656566 0.505050 1.083586
0.666667 0.505050 1.055390
0.676768 0.505050 1.026377
0.686869 0.505050 0.996681
0.696970 0.505050 0.966563
0.707071 0.505050 0.935905
0.717172 0.505050 0.904923
0.727273 0.505050 0.873530
0.737374 0.505050 0.841737
0.747475 0.505050 0.809574
0.757576 0.505050 0.777233
0.767677 0.505050 0.744705
0.777778 0.505050 0.712047
0.787879 0.505050 0.679308
0.797980 0.505050 0.646377
0.808081 0.505050 0.613471
0.818182 0.505050 0.580589
0.828283 0.505050 0.547723
0.838384 0.505050 0.514904
0.848485 0.505050 0.482164
0.858586 0.505050 0.449535
0.868687 0.505050 0.416999
0.878788 0.505050 0.384473
0.888889 0.505050 0.352076
0.898990 0.505050 0.319694
0.909091 0.505050 0.287392
0.919192 0.505050 0.255192
0.929293 0.505050 0.223083
0.939394 0.505050 0.191071
0.949495 0.505050 0.159123
0.959596 0.505050 0.127300
0.969697 0.505050 0.095532
0.979798 0.505050 0.063679
0.989899 0.505050 0.031909
1.000000 0.505050 0.000000
0.505050 0.515152 1.416878
0.515152 0.515152 1.403060
0.525253 0.515152 1.388088
0.535354 0.515152 1.372035
0.545455 0.515152 1.355054
0.555556 0.515152 1.337082
0.565657 0.515152 1.318127
0.575758 0.515152 1.298142
0.585859 0.515152 1.277229
0.595960 0.515152 1.255321
0.606061 0.515152 1.232444
0.616162 0.515152 1.208548
0.626263 0.515152 1.183707
0.636364 0.515152 1.157899
0.646465 0.515152 1.131123
0.656566 0.515152 1.103449
0.666667 0.515152 1.074875
0.676768 0.515152 1.045467
0.686869 0.515152 1.015405
0.696970 0.515152 0.984680
0.707071 0.515152 0.953474
0.717172 0.515152 0.921777
0.727273 0.515152 0.889709
0.737374 0.515152 0.857196
0.747475 0.515152 0.824347
0.757576 0.515152 0.791217
0.767677 0.515152 0.757971
0.777778 0.515152 0.724599
0.787879 0.515152 0.691055
0.797980 0.515152 0.657449
0.808081 0.515152 0.623844
0.818182 0.515152 0.590302
0.828283 0.515152 0.556765
0.838384 0.515152 0.523276
0.848485 0.515152 0.489922
0.858586 0.515152 0.456675
0.868687 0.515152 0.423499
0.878788 0.515152 0.390429
0.888889 0.515152 0.357435
0.898990 0.515152 0.324591
0.909091 0.515152 0.291730
0.919192 0.515152 0.258999
0.929293 0.515152 0.226409
0.939394 0.515152 0.193885
0.949495 0.515152 0.161434
0.959596 0.515152 0.129080
0.969697 0.515152 0.096761
0.979798 0.515152 0.064487
0.989899 0.515152 0.032248
1.000000 0.515152 0.000000
0.505050 0.525253 1.435227
0.515152 0.525253 1.421675
0.525253 0.525253 1.407041
0.535354 0.525253 1.391355
0.545455 0.525253 1.374719
0.555556 0.525253 1.357150
0.565657 0.525253 1.338579
0.575758 0.525253 1.318907
0.585859 0.525253 1.298224
0.595960 0.525253 1.276538
0.606061 0.525253 1.253790
0.616162 0.525253 1.229962
0.626263 0.525253 1.205075
0.636364 0.525253 1.179134
0.646465 0.525253 1.152125
0.656566 0.525253 1.124155
0.666667 0.525253 1.095192
0.676768 0.525253 1.065432
0.686869 0.525253 1.034792
0.696970 0.525253 1.003483
0.707071 0.525253 0.971535
0.717172 0.525253 0.939165
0.727273 0.525253 0.906335
0.737374 0.525253 0.873045
0.747475 0.525253 0.839400
0.757576 0.525253 0.805460
0.767677 0.525253 0.771361
0.777778 0.525253 0.737183
0.787879 0.525253 0.702865
0.797980 0.525253 0.668525
0.808081 0.525253 0.634154
0.818182 0.525253 0.599933
0.828283 0.525253 0.565759
0.838384 0.525253 0.531577
0.848485 0.525253 0.497571
0.858586 0.525253 0.463664
0.868687 0.525253 0.429893
0.878788 0.525253 0.396201
0.888889 0.525253 0.362645
0.898990 0.525253 0.329241
0.909091 0.525253 0.295939
0.919192 0.525253 0.262709
0.929293 0.525253 0.229670
0.939394 0.525253 0.196600
0.949495 0.525253 0.163649
0.959596 0.525253 0.130790
0.969697 0.525253 0.097943
0.979798 0.525253 0.065255
0.989899 0.525253 0.032595
1.000000 0.525253 0.000000
0.505050 0.535354 1.454657
0.515152 0.535354 1.441372
0.525253 0.535354 1.426974
0.535354 0.535354 1.411624
0.545455 0.535354 1.395392
0.555556 0.535354 1.378219
0.565657 0.535354 1.359988
0.575758 0.535354 1.340684
0.585859 0.535354 1.320293
0.595960 0.535354 1.298818
0.606061 0.535354 1.276202
0.616162 0.535354 1.252436
0.626263 0.535354 1.227518
0.636364 0.535354 1.201436
0.646465 0.535354 1.174185
0.656566 0.535354 1.145854
0.666667 0.535354 1.116566
0.676768 0.535354 1.086277
0.686869 0.535354 1.054982
0.696970 0.535354 1.022923
0.707071 0.535354 0.990246
0.717172 0.535354 0.957015
0.727273 0.535354 0.923354
0.737374 0.535354 0.889248
0.747475 0.535354 0.854679
0.757576 0.535354 0.819860
0.767677 0.535354 0.784938
0.777778 0.535354 0.749907
0.787879 0.535354 0.714788
0.797980 0.535354 0.679631
0.808081 0.535354 0.644515
0.818182 0.535354 0.609518
0.828283 0.535354 0.574569
0.838384 0.535354 0.539704
0.848485 0.535354 0.505036
0.858586 0.535354 0.470519
0.868687 0.535354 0.436114
0.878788 0.535354 0.401840
0.888889 0.535354 0.367732
0.898990 0.535354 0.333789
0.909091 0.535354 0.299930
0.919192 0.535354 0.266228
0.929293 0.535354 0.232654
0.939394 0.535354 0.199197
0.949495 0.535354 0.165770
0.959596 0.535354 0.132490
0.969697 0.535354 0.099215
0.979798 0.535354 0.065995
0.989899 0.535354 0.033011
1.000000 0.535354 0.000000
0.505050 0.545455 1.475096
0.515152 0.545455 1.461965
0.525253 0.545455 1.447861
0.535354 0.545455 1.432890
0.545455 0.545455 1.417007
0.555556 0.545455 1.400275
0.565657 0.545455 1.382468
0.575758 0.545455 1.363541
0.585859 0.545455 1.343447
0.595960 0.545455 1.322233
0.606061 0.545455 1.299763
0.616162 0.545455 1.276087
0.626263 0.545455 1.251122
0.636364 0.545455 1.224862
0.646465 0.545455 1.197325
0.656566 0.545455 1.168719
0.666667 0.545455 1.138941
0.676768 0.545455 1.107944
0.686869 0.545455 1.075936
0.696970 0.545455 1.043117
0.707071 0.545455 1.009513
0.717172 0.545455 0.975435
0.727273 0.545455 0.940817
0.737374 0.545455 0.905713
0.747475 0.545455 0.870206
0.757576 0.545455 0.834500
0.767677 0.545455 0.798623
0.777778 0.545455 0.762701
0.787879 0.545455 0.726750
0.797980 0.545455 0.690702
0.808081 0.545455 0.654757
0.818182 0.545455 0.618966
0.828283 0.545455 0.583296
0.838384 0.545455 0.547718
0.848485 0.545455 0.512352
0.858586 0.545455 0.477177
0.868687 0.545455 0.442206
0.878788 0.545455 0.407322
0.888889 0.545455 0.372652
0.898990 0.545455 0.338145
0.909091 0.545455 0.303764
0.919192 0.545455 0.269562
0.929293 0.545455 0.235522
0.939394 0.545455 0.201574
0.949495 0.545455 0.167744
0.959596 0.545455 0.134046
0.969697 0.545455 0.100433
0.979798 0.545455 0.066902
0.989899 0.545455 0.033455
1.000000 0.545455 0.000000
0.505050 0.555556 1.496453
0.515152 0.555556 1.483529
0.525253 0.555556 1.469698
0.535354 0.555556 1.455067
0.545455 0.555556 1.439692
0.555556 0.555556 1.423408
0.565657 0.555556 1.406054
0.575758 0.555556 1.387566
0.585859 0.555556 1.367869
0.595960 0.555556 1.346904
0.606061 0.555556 1.324658
0.616162 0.555556 1.301025
0.626263 0.555556 1.276020
0.636364 0.555556 1.249565
0.646465 0.555556 1.221834
0.656566 0.555556 1.192755
0.666667 0.555556 1.162302
0.676768 0.555556 1.130623
0.686869 0.555556 1.097836
0.696970 0.555556 1.064095
0.707071 0.555556 1.029566
0.717172 0.555556 0.994394
0.727273 0.555556 0.958742
0.737374 0.555556 0.922579
0.747475 0.555556 0.886082
0.757576 0.555556 0.849310
0.767677 0.555556 0.812445
0.777778 0.555556 0.775524
0.787879 0.555556 0.738586
0.797980 0.555556 0.701668
0.808081 0.555556 0.664896
0.818182 0.555556 0.628295
0.828283 0.555556 0.591824
0.838384 0.555556 0.555519
0.848485 0.555556 0.519470
0.858586 0.555556 0.483631
0.868687 0.555556 0.448013
0.878788 0.555556 0.412591
0.888889 0.555556 0.377345
0.898990 0.555556 0.342374
0.909091 0.555556 0.307432
0.919192 0.555556 0.272734
0.929293 0.555556 0.238224
0.939394 0.555556 0.203834
0.949495 0.555556 0.169606
0.959596 0.555556 0.135519
0.969697 0.555556 0.101596
0.979798 0.555556 0.067725
0.989899 0.555556 0.033868
1.000000 0.555556 0.000000
0.505050 0.565657 1.518620
0.515152 0.565657 1.505819
0.525253 0.565657 1.492334
0.535354 0.565657 1.478164
0.545455 0.565657 1.463285
0.555556 0.565657 1.447529
0.565657 0.565657 1.430774
0.575758 0.565657 1.412773
0.585859 0.565657 1.393560
0.595960 0.565657 1.372953
0.606061 0.565657 1.350940
0.616162 0.565657 1.327425
0.626263 0.565657 1.302369
0.636364 0.565657 1.275820
0.646465 0.565657 1.247690
0.656566 0.565657 1.218039
0.666667 0.565657 1.186890
0.676768 0.565657 1.154417
0.686869 0.565657 1.120692
0.696970 0.565657 1.085934
0.707071 0.565657 1.050263
0.717172 0.565657 1.014001
0.727273 0.565657 0.977177
0.737374 0.565657 0.939844
0.747475 0.565657 0.902233
0.757576 0.565657 0.864308
0.767677 0.565657 0.826323
0.777778 0.565657 0.788350
0.787879 0.565657 0.750402
0.797980 0.565657 0.712560
0.808081 0.565657 0.674865
0.818182 0.565657 0.637421
0.828283 0.565657 0.600189
0.838384 0.565657 0.563141
0.848485 0.565657 0.526377
0.858586 0.565657 0.489861
0.868687 0.565657 0.453624
0.878788 0.565657 0.417565
0.888889 0.565657 0.381763
0.898990 0.565657 0.346223
0.909091 0.565657 0.310857
0.919192 0.565657 0.275722
0.929293 0.565657 0.240804
0.939394 0.565657 0.205982
0.949495 0.565657 0.171326
0.959596 0.565657 0.136960
0.969697 0.565657 0.102708
0.979798 0.565657 0.068436
0.989899 0.565657 0.034292
1.000000 0.565657 0.000000
0.505050 0.575758 1.541353
0.515152 0.575758 1.528796
0.525253 0.575758 1.515656
0.535354 0.575758 1.501970
0.545455 0.575758 1.487727
0.555556 0.575758 1.472651
0.565657 0.575758 1.456525
0.575758 0.575758 1.439193
0.585859 0.575758 1.420556
0.595960 0.575758 1.400408
0.606061 0.575758 1.378748
0.616162 0.575758 1.355368
0.626263 0.575758 1.330433
0.636364 0.575758 1.303658
0.646465 0.575758 1.275114
0.656566 0.575758 1.244822
0.666667 0.575758 1.212891
0.676768 0.575758 1.179461
0.686869 0.575758 1.144648
0.696970 0.575758 1.108685
0.707071 0.575758 1.071799
0.717172 0.575758 1.034169
0.727273 0.575758 0.996012
0.737374 0.575758 0.957388
0.747475 0.575758 0.918484
0.757576 0.575758 0.879366
0.767677 0.575758 0.840244
0.777778 0.575758 0.801150
0.787879 0.575758 0.762146
0.797980 0.575758 0.723306
0.808081 0.575758 0.684686
0.818182 0.575758 0.646336
0.828283 0.575758 0.608257
0.838384 0.575758 0.570479
0.848485 0.575758 0.532969
0.858586 0.575758 0.495812
0.868687 0.575758 0.458892
0.878788 0.575758 0.422282
0.888889 0.575758 0.385952
0.898990 0.575758 0.349899
0.909091 0.575758 0.314083
0.919192 0.575758 0.278492
0.929293 0.575758 0.243128
0.939394 0.575758 0.207965
0.949495 0.575758 0.173029
0.959596 0.575758 0.138288
0.969697 0.575758 0.103606
0.979798 0.575758 0.069019
0.989899 0.575758 0.034511
1.000000 0.575758 0.000000
0.505050 0.585859 1.564530
0.515152 0.585859 1.552190
0.525253 0.585859 1.539524
0.535354 0.585859 1.526533
0.545455 0.585859 1.513002
0.555556 0.585859 1.498756
0.565657 0.585859 1.483480
0.575758 0.585859 1.466985
0.585859 0.585859 1.449064
0.595960 0.585859 1.429561
0.606061 0.585859 1.408276
0.616162 0.585859 1.385305
0.626263 0.585859 1.360336
0.636364 0.585859 1.333342
0.646465 0.585859 1.304285
0.656566 0.585859 1.273260
0.666667 0.585859 1.240393
0.676768 0.585859 1.205810
0.686869 0.585859 1.169754
0.696970 0.585859 1.132430
0.707071 0.585859 1.094077
0.717172 0.585859 1.055001
0.727273 0.585859 1.015316
0.737374 0.585859 0.975281
0.747475 0.585859 0.934951
0.757576 0.585859 0.894556
0.767677 0.585859 0.854136
0.777778 0.585859 0.813844
0.787879 0.585859 0.773727
0.797980 0.585859 0.733829
0.808081 0.585859 0.694237
0.818182 0.585859 0.654946
0.828283 0.585859 0.616022
0.838384 0.585859 0.577426
0.848485 0.585859 0.539209
0.858586 0.585859 0.501350
0.868687 0.585859 0.463851
0.878788 0.585859 0.426687
0.888889 0.585859 0.389864
0.898990 0.585859 0.353328
0.909091 0.585859 0.317085
0.919192 0.585859 0.281031
0.929293 0.585859 0.245253
0.939394 0.585859 0.209794
0.949495 0.585859 0.174538
0.959596 0.585859 0.139398
0.969697 0.585859 0.104409
0.979798 0.585859 0.069546
0.989899 0.585859 0.034735
1.000000 0.585859 0.000000
0.505050 0.595960 1.587876
0.515152 0.595960 1.575913
0.525253 0.595960 1.563857
0.535354 0.595960 1.551636
0.545455 0.595960 1.539082
0.555556 0.595960 1.525892
0.565657 0.595960 1.511647
0.575758 0.595960 1.496203
0.585859 0.595960 1.479220
0.595960 0.595960 1.460496
0.606061 0.595960 1.439931
0.616162 0.595960 1.417242
0.626263 0.595960 1.392366
0.636364 0.595960 1.365088
0.646465 0.595960 1.335439
0.656566 0.595960 1.303538
0.666667 0.595960 1.269535
0.676768 0.595960 1.233634
0.686869 0.595960 1.196100
0.696970 0.595960 1.157204
0.707071 0.595960 1.117228
0.717172 0.595960 1.076441
0.727273 0.595960 1.035151
0.737374 0.595960 0.993468
0.747475 0.595960 0.951644
0.757576 0.595960 0.909772
0.767677 0.595960 0.867977
0.777778 0.595960 0.826362
0.787879 0.595960 0.785039
0.797980 0.595960 0.744046
0.808081 0.595960 0.703411
0.818182 0.595960 0.663188
0.828283 0.595960 0.623363
0.838384 0.595960 0.583994
0.848485 0.595960 0.545060
0.858586 0.595960 0.506529
0.868687 0.595960 0.468451
0.878788 0.595960 0.430750
0.888889 0.595960 0.393416
0.898990 0.595960 0.356462
0.909091 0.595960 0.319699
0.919192 0.595960 0.283294
0.929293 0.595960 0.247219
0.939394 0.595960 0.211420
0.949495 0.595960 0.175803
0.959596 0.595960 0.140357
0.969697 0.595960 0.105139
0.979798 0.595960 0.070023
0.989899 0.595960 0.034992
1.000000 0.595960 0.000000
0.505050 0.606061 1.611155
0.515152 0.606061 1.599635
0.525253 0.606061 1.588357
0.535354 0.606061 1.577176
0.545455 0.606061 1.565797
0.555556 0.606061 1.553857
0.565657 0.606061 1.541012
0.575758 0.606061 1.526856
0.585859 0.606061 1.511117
0.595960 0.606061 1.493518
0.606061 0.606061 1.473709
0.616162 0.606061 1.451591
0.626263 0.606061 1.426796
0.636364 0.606061 1.399191
0.646465 0.606061 1.368847
0.656566 0.606061 1.335935
0.666667 0.606061 1.300577
0.676768 0.606061 1.263105
0.686869 0.606061 1.223807
0.696970 0.606061 1.183096
0.707071 0.606061 1.141188
0.717172 0.606061 1.098571
0.727273 0.606061 1.055378
0.737374 0.606061 1.011915
0.747475 0.606061 0.968385
0.757576 0.606061 0.924906
0.767677 0.606061 0.881637
0.777778 0.606061 0.838628
0.787879 0.606061 0.796023
0.797980 0.606061 0.753846
0.808081 0.606061 0.712173
0.818182 0.606061 0.670960
0.828283 0.606061 0.630249
0.838384 0.606061 0.590124
0.848485 0.606061 0.550510
0.858586 0.606061 0.511340
0.868687 0.606061 0.472675
0.878788 0.606061 0.434402
0.888889 0.606061 0.396588
0.898990 0.606061 0.359090
0.909091 0.606061 0.321956
0.919192 0.606061 0.285289
0.929293 0.606061 0.248907
0.939394 0.606061 0.212780
0.949495 0.606061 0.176897
0.959596 0.606061 0.141243
0.969697 0.606061 0.105770
0.979798 0.606061 0.070426
0.989899 0.606061 0.035210
1.000000 0.606061 0.000000
0.505050 0.616162 1.633976
0.515152 0.616162 1.623116
0.525253 0.616162 1.612836
0.535354 0.616162 1.602912
0.545455 0.616162 1.593006
0.555556 0.616162 1.582728
0.565657 0.616162 1.571542
0.575758 0.616162 1.559091
0.585859 0.616162 1.545010
0.595960 0.616162 1.528751
0.606061 0.616162 1.510145
0.616162 0.616162 1.488616
0.626263 0.616162 1.463981
0.636364 0.616162 1.436034
0.646465 0.616162 1.404946
0.656566 0.616162 1.370777
0.666667 0.616162 1.333791
0.676768 0.616162 1.294402
0.686869 0.616162 1.253089
0.696970 0.616162 1.210186
0.707071 0.616162 1.166129
0.717172 0.616162 1.121278
0.727273 0.616162 1.075973
0.737374 0.616162 1.030428
0.747475 0.616162 0.985047
0.757576 0.616162 0.939830
0.767677 0.616162 0.894954
0.777778 0.616162 0.850491
0.787879 0.616162 0.806536
0.797980 0.616162 0.763142
0.808081 0.616162 0.720414
0.818182 0.616162 0.678230
0.828283 0.616162 0.636677
0.838384 0.616162 0.595744
0.848485 0.616162 0.555397
0.858586 0.616162 0.515645
0.868687 0.616162 0.476329
0.878788 0.616162 0.437597
0.888889 0.616162 0.399246
0.898990 0.616162 0.361355
0.909091 0.616162 0.323977
0.919192 0.616162 0.286999
0.929293 0.616162 0.250290
0.939394 0.616162 0.213896
0.949495 0.616162 0.177818
0.959596 0.616162 0.141949
0.969697 0.616162 0.106272
0.979798 0.616162 0.070703
0.989899 0.616162 0.035350
1.000000 0.616162 0.000000
0.505050 0.626263 1.655979
0.515152 0.626263 1.645950
0.525253 0.626263 1.636961
0.535354 0.626263 1.628609
0.545455 0.626263 1.620589
0.555556 0.626263 1.612304
0.565657 0.626263 1.603335
0.575758 0.626263 1.593114
0.585859 0.626263 1.581081
0.595960 0.626263 1.566771
0.606061 0.626263 1.549503
0.616162 0.626263 1.528883
0.626263 0.626263 1.504479
0.636364 0.626263 1.476230
0.646465 0.626263 1.444127
0.656566 0.626263 1.408387
0.666667 0.626263 1.369409
0.676768 0.626263 1.327762
0.686869 0.626263 1.283962
0.696970 0.626263 1.238470
0.707071 0.626263 1.191863
0.717172 0.626263 1.144508
0.727273 0.626263 1.096809
0.737374 0.626263 1.049058
0.747475 0.626263 1.001544
0.757576 0.626263 0.954456
0.767677 0.626263 0.907859
0.777778 0.626263 0.861870
0.787879 0.626263 0.816488
0.797980 0.626263 0.771923
0.808081 0.626263 0.728110
0.818182 0.626263 0.684924
0.828283 0.626263 0.642486
0.838384 0.626263 0.600734
0.848485 0.626263 0.559687
0.858586 0.626263 0.519260
0.868687 0.626263 0.479399
0.878788 0.626263 0.440151
0.888889 0.626263 0.401444
0.898990 0.626263 0.363263
0.909091 0.626263 0.325599
0.919192 0.626263 0.288307
0.929293 0.626263 0.251358
0.939394 0.626263 0.214800
0.949495 0.626263 0.178529
0.959596 0.626263 0.142504
0.969697 0.626263 0.106669
0.979798 0.626263 0.071010
0.989899 0.626263 0.035488
1.000000 0.626263 0.000000
0.505050 0.636364 1.676638
0.515152 0.636364 1.667744
0.525253 0.636364 1.660339
0.535354 0.636364 1.653974
0.545455 0.636364 1.648247
0.555556 0.636364 1.642564
0.565657 0.636364 1.636373
0.575758 0.636364 1.628947
0.585859 0.636364 1.619718
0.595960 0.636364 1.607751
0.606061 0.636364 1.592388
0.616162 0.636364 1.572936
0.626263 0.636364 1.548974
0.636364 0.636364 1.520280
0.646465 0.636364 1.486912
0.656566 0.636364 1.449235
0.666667 0.636364 1.407788
0.676768 0.636364 1.363274
0.686869 0.636364 1.316443
0.696970 0.636364 1.267869
0.707071 0.636364 1.218302
0.717172 0.636364 1.168083
0.727273 0.636364 1.117709
0.737374 0.636364 1.067451
0.747475 0.636364 1.017732
0.757576 0.636364 0.968592
0.767677 0.636364 0.920228
0.777778 0.636364 0.872643
0.787879 0.636364 0.825836
0.797980 0.636364 0.779953
0.808081 0.636364 0.734988
0.818182 0.636364 0.690869
0.828283 0.636364 0.647525
0.838384 0.636364 0.605020
0.848485 0.636364 0.563271
0.858586 0.636364 0.522308
0.868687 0.636364 0.481879
0.878788 0.636364 0.442163
0.888889 0.636364 0.403153
0.898990 0.636364 0.364655
0.909091 0.636364 0.326759
0.919192 0.636364 0.289272
0.929293 0.636364 0.252160
0.939394 0.636364 0.215417
0.949495 0.636364 0.179016
0.959596 0.636364 0.142869
0.969697 0.636364 0.106941
0.979798 0.636364 0.071180
0.989899 0.636364 0.035564
1.000000 0.636364 0.000000
0.505050 0.646465 1.695558
0.515152 0.646465 1.688123
0.525253 0.646465 1.682676
0.535354 0.646465 1.678740
0.545455 0.646465 1.675862
0.555556 0.646465 1.673379
0.565657 0.646465 1.670646
0.575758 0.646465 1.666880
0.585859 0.646465 1.661094
0.595960 0.646465 1.652259
0.606061 0.646465 1.639364
0.616162 0.646465 1.621578
0.626263 0.646465 1.598201
0.636364 0.646465 1.568966
0.646465 0.646465 1.534007
0.656566 0.646465 1.493821
0.666667 0.646465 1.449236
0.676768 0.646465 1.401217
0.686869 0.646465 1.350667
0.696970 0.646465 1.298507
0.707071 0.646465 1.245394
0.717172 0.646465 1.191920
0.727273 0.646465 1.138492
0.737374 0.646465 1.085576
0.747475 0.646465 1.033340
0.757576 0.646465 0.982095
0.767677 0.646465 0.931818
0.777778 0.646465 0.882528
0.787879 0.646465 0.834262
0.797980 0.646465 0.787096
0.808081 0.646465 0.741019
0.818182 0.646465 0.695881
0.828283 0.646465 0.651723
0.838384 0.646465 0.608437
0.848485 0.646465 0.566071
0.858586 0.646465 0.524496
0.868687 0.646465 0.483645
0.878788 0.646465 0.443661
0.888889 0.646465 0.404351
0.898990 0.646465 0.365653
0.909091 0.646465 0.327511
0.919192 0.646465 0.289833
0.929293 0.646465 0.252594
0.939394 0.646465 0.215757
0.949495 0.646465 0.179251
0.959596 0.646465 0.143054
0.969697 0.646465 0.107047
0.979798 0.646465 0.071253
0.989899 0.646465 0.035587
1.000000 0.646465 0.000000
0.505050 0.656566 1.712129
0.515152 0.656566 1.706514
0.525253 0.656566 1.703420
0.535354 0.656566 1.702448
0.545455 0.656566 1.702975
0.555556 0.656566 1.704443
0.565657 0.656566 1.706068
0.575758 0.656566 1.706832
0.585859 0.656566 1.705542
0.595960 0.656566 1.700829
0.606061 0.656566 1.691351
0.616162 0.656566 1.675812
0.626263 0.656566 1.653317
0.636364 0.656566 1.623377
0.646465 0.656566 1.586266
0.656566 0.656566 1.542806
0.666667 0.656566 1.494185
0.676768 0.656566 1.441691
0.686869 0.656566 1.386672
0.696970 0.656566 1.330097
0.707071 0.656566 1.272925
0.717172 0.656566 1.215709
0.727273 0.656566 1.158971
0.737374 0.656566 1.103022
0.747475 0.656566 1.048217
0.757576 0.656566 0.994631
0.767677 0.656566 0.942359
0.777778 0.656566 0.891388
0.787879 0.656566 0.841611
0.797980 0.656566 0.793149
0.808081 0.656566 0.745935
0.818182 0.656566 0.699913
0.828283 0.656566 0.654905
0.838384 0.656566 0.610935
0.848485 0.656566 0.567998
0.858586 0.656566 0.525960
0.868687 0.656566 0.484815
0.878788 0.656566 0.444485
0.888889 0.656566 0.404975
0.898990 0.656566 0.366096
0.909091 0.656566 0.327763
0.919192 0.656566 0.289955
0.929293 0.656566 0.252676
0.939394 0.656566 0.215768
0.949495 0.656566 0.179247
0.959596 0.656566 0.143049
0.969697 0.656566 0.107034
0.979798 0.656566 0.071197
0.989899 0.656566 0.035580
1.000000 0.656566 0.000000
0.505050 0.666667 1.725743
0.515152 0.666667 1.722288
0.525253 0.666667 1.722041
0.535354 0.666667 1.724473
0.545455 0.666667 1.729146
0.555556 0.666667 1.735393
0.565657 0.666667 1.742353
0.575758 0.666667 1.748850
0.585859 0.666667 1.753412
0.595960 0.666667 1.754221
0.606061 0.666667 1.749398
0.616162 0.666667 1.737158
0.626263 0.666667 1.715878
0.636364 0.666667 1.684969
0.646465 0.666667 1.644875
0.656566 0.666667 1.596994
0.666667 0.666667 1.543006
0.676768 0.666667 1.484898
0.686869 0.666667 1.424233
0.696970 0.666667 1.362474
0.707071 0.666667 1.300500
0.717172 0.666667 1.239082
0.727273 0.666667 1.178662
0.737374 0.666667 1.119487
0.747475 0.666667 1.061876
0.757576 0.666667 1.005906
0.767677 0.666667 0.951598
0.777778 0.666667 0.898859
0.787879 0.666667 0.847643
0.797980 0.666667 0.797928
0.808081 0.666667 0.749658
0.818182 0.666667 0.702731
0.828283 0.666667 0.657050
0.838384 0.666667 0.612478
0.848485 0.666667 0.569025
0.858586 0.666667 0.526639
0.868687 0.666667 0.485168
0.878788 0.666667 0.444690
0.888889 0.666667 0.404969
0.898990 0.666667 0.365925
0.909091 0.666667 0.327488
0.919192 0.666667 0.289686
0.929293 0.666667 0.252385
0.939394 0.666667 0.215465
0.949495 0.666667 0.178921
0.959596 0.666667 0.142782
0.969697 0.666667 0.106841
0.979798 0.666667 0.071093
0.989899 0.666667 0.035538
1.000000 0.666667 0.000000
0.505050 0.676768 1.735739
0.515152 0.676768 1.734855
0.525253 0.676768 1.737817
0.535354 0.676768 1.744258
0.545455 0.676768 1.753755
0.555556 0.676768 1.765632
0.565657 0.676768 1.779129
0.575758 0.676768 1.792801
0.585859 0.676768 1.804971
0.595960 0.676768 1.813243
0.606061 0.676768 1.815157
0.616162 0.676768 1.807544
0.626263 0.676768 1.788119
0.636364 0.676768 1.755746
0.646465 0.676768 1.711411
0.656566 0.676768 1.657290
0.666667 0.676768 1.596127
0.676768 0.676768 1.530662
0.686869 0.676768 1.463126
0.696970 0.676768 1.395066
0.707071 0.676768 1.327616
0.717172 0.676768 1.261458
0.727273 0.676768 1.196973
0.737374 0.676768 1.134388
0.747475 0.676768 1.073926
0.757576 0.676768 1.015518
0.767677 0.676768 0.959189
0.777778 0.676768 0.904807
0.787879 0.676768 0.852163
0.797980 0.676768 0.801262
0.808081 0.676768 0.752037
0.818182 0.676768 0.704302
0.828283 0.676768 0.657982
0.838384 0.676768 0.612901
0.848485 0.676768 0.569096
0.858586 0.676768 0.526404
0.868687 0.676768 0.484800
0.878788 0.676768 0.444138
0.888889 0.676768 0.404271
0.898990 0.676768 0.365147
0.909091 0.676768 0.326735
0.919192 0.676768 0.288917
0.929293 0.676768 0.251633
0.939394 0.676768 0.214787
0.949495 0.676768 0.178380
0.959596 0.676768 0.142315
0.969697 0.676768 0.106472
0.979798 0.676768 0.070796
0.989899 0.676768 0.035386
1.000000 0.676768 0.000000
0.505050 0.686869 1.741502
0.515152 0.686869 1.743499
0.525253 0.686869 1.750113
0.535354 0.686869 1.761036
0.545455 0.686869 1.775984
0.555556 0.686869 1.794493
0.565657 0.686869 1.815730
0.575758 0.686869 1.838366
0.585859 0.686869 1.860429
0.595960 0.686869 1.879094
0.606061 0.686869 1.890445
0.616162 0.686869 1.889951
0.626263 0.686869 1.873310
0.636364 0.686869 1.838653
0.646465 0.686869 1.787736
0.656566 0.686869 1.724545
0.666667 0.686869 1.653549
0.676768 0.686869 1.578642
0.686869 0.686869 1.502545
0.696970 0.686869 1.427100
0.707071 0.686869 1.353442
0.717172 0.686869 1.282092
0.727273 0.686869 1.213385
0.737374 0.686869 1.147287
0.747475 0.686869 1.083924
0.757576 0.686869 1.023139
0.767677 0.686869 0.964832
0.777778 0.686869 0.908850
0.787879 0.686869 0.854942
0.797980 0.686869 0.803026
0.808081 0.686869 0.752926
0.818182 0.686869 0.704530
0.828283 0.686869 0.657676
0.838384 0.686869 0.612229
0.848485 0.686869 0.568055
0.858586 0.686869 0.525260
0.868687 0.686869 0.483489
0.878788 0.686869 0.442737
0.888889 0.686869 0.402831
0.898990 0.686869 0.363743
0.909091 0.686869 0.325387
0.919192 0.686869 0.287641
0.929293 0.686869 0.250442
0.939394 0.686869 0.213765
0.949495 0.686869 0.177496
0.959596 0.686869 0.141587
0.969697 0.686869 0.105937
0.979798 0.686869 0.070493
0.989899 0.686869 0.035211
1.000000 0.686869 0.000000
0.505050 0.696970 1.742373
0.515152 0.696970 1.747528
0.525253 0.696970 1.758040
0.535354 0.696970 1.773788
0.545455 0.696970 1.794767
0.555556 0.696970 1.820626
0.565657 0.696970 1.850934
0.575758 0.696970 1.884504
0.585859 0.696970 1.919435
0.595960 0.696970 1.952260
0.606061 0.696970 1.977799
0.616162 0.696970 1.988507
0.626263 0.696970 1.976588
0.636364 0.696970 1.937820
0.646465 0.696970 1.876283
0.656566 0.696970 1.799607
0.666667 0.696970 1.715008
0.676768 0.696970 1.627811
0.686869 0.696970 1.541333
0.696970 0.696970 1.457347
0.707071 0.696970 1.376867
0.717172 0.696970 1.300085
0.727273 0.696970 1.226983
0.737374 0.696970 1.157451
0.747475 0.696970 1.091312
0.757576 0.696970 1.028280
0.767677 0.696970 0.968234
0.777778 0.696970 0.910820
0.787879 0.696970 0.855797
0.797980 0.696970 0.802973
0.808081 0.696970 0.752191
0.818182 0.696970 0.703215
0.828283 0.696970 0.655999
0.838384 0.696970 0.610284
0.848485 0.696970 0.566035
0.858586 0.696970 0.523091
0.868687 0.696970 0.481270
0.878788 0.696970 0.440491
0.888889 0.696970 0.400643
0.898990 0.696970 0.361608
0.909091 0.696970 0.323408
0.919192 0.696970 0.285817
0.929293 0.696970 0.248824
0.939394 0.696970 0.212336
0.949495 0.696970 0.176300
0.959596 0.696970 0.140600
0.969697 0.696970 0.105210
0.979798 0.696970 0.070028
0.989899 0.696970 0.034967
1.000000 0.696970 0.000000
0.505050 0.707071 1.737798
0.515152 0.707071 1.746226
0.525253 0.707071 1.760733
0.535354 0.707071 1.781480
0.545455 0.707071 1.808668
0.555556 0.707071 1.842469
0.565657 0.707071 1.882875
0.575758 0.707071 1.929379
0.585859 0.707071 1.980546
0.595960 0.707071 2.033027
0.606061 0.707071 2.079985
0.616162 0.707071 2.109772
0.626263 0.707071 2.106717
0.636364 0.707071 2.059829
0.646465 0.707071 1.979970
0.656566 0.707071 1.882498
0.666667 0.707071 1.779067
0.676768 0.707071 1.676340
0.686869 0.707071 1.577630
0.696970 0.707071 1.484283
0.707071 0.707071 1.396594
0.717172 0.707071 1.314308
0.727273 0.707071 1.237011
0.737374 0.707071 1.164258
0.747475 0.707071 1.095591
0.757576 0.707071 1.030636
0.767677 0.707071 0.969005
0.777778 0.707071 0.910408
0.787879 0.707071 0.854455
0.797980 0.707071 0.800982
0.808081 0.707071 0.749650
0.818182 0.707071 0.700346
0.828283 0.707071 0.652821
0.838384 0.707071 0.607051
0.848485 0.707071 0.562711
0.858586 0.707071 0.519787
0.868687 0.707071 0.478010
0.878788 0.707071 0.437344
0.888889 0.707071 0.397643
0.898990 0.707071 0.358832
0.909091 0.707071 0.320819
0.919192 0.707071 0.283459
0.929293 0.707071 0.246701
0.939394 0.707071 0.210516
0.949495 0.707071 0.174767
0.959596 0.707071 0.139380
0.969697 0.707071 0.104275
0.979798 0.707071 0.069398
0.989899 0.707071 0.034630
1.000000 0.707071 0.000000
0.505050 0.717172 1.727173
0.515152 0.717172 1.738846
0.525253 0.717172 1.757199
0.535354 0.717172 1.782732
0.545455 0.717172 1.815979
0.555556 0.717172 1.857706
0.565657 0.717172 1.908670
0.575758 0.717172 1.969589
0.585859 0.717172 2.040458
0.595960 0.717172 2.119319
0.606061 0.717172 2.199424
0.616162 0.717172 2.263879
0.626263 0.717172 2.280729
0.636364 0.717172 2.214811
0.646465 0.717172 2.101072
0.656566 0.717172 1.971348
0.666667 0.717172 1.842384
0.676768 0.717172 1.720850
0.686869 0.717172 1.608635
0.696970 0.717172 1.505562
0.707071 0.717172 1.410912
0.717172 0.717172 1.323543
0.727273 0.717172 1.242500
0.737374 0.717172 1.166977
0.747475 0.717172 1.096218
0.757576 0.717172 1.029666
0.767677 0.717172 0.966880
0.777778 0.717172 0.907350
0.787879 0.717172 0.850796
0.797980 0.717172 0.796850
0.808081 0.717172 0.745236
0.818182 0.717172 0.695698
0.828283 0.717172 0.648190
0.838384 0.717172 0.602389
0.848485 0.717172 0.558186
0.858586 0.717172 0.515337
0.868687 0.717172 0.473718
0.878788 0.717172 0.433232
0.888889 0.717172 0.393815
0.898990 0.717172 0.355259
0.909091 0.717172 0.317540
0.919192 0.717172 0.280498
0.929293 0.717172 0.244124
0.939394 0.717172 0.208260
0.949495 0.717172 0.172886
0.959596 0.717172 0.137879
0.969697 0.717172 0.103148
0.979798 0.717172 0.068659
0.989899 0.717172 0.034279
1.000000 0.717172 0.000000
0.505050 0.727273 1.710079
0.515152 0.727273 1.724674
0.525253 0.727273 1.746487
0.535354 0.727273 1.776202
0.545455 0.727273 1.814809
0.555556 0.727273 1.863619
0.565657 0.727273 1.924509
0.575758 0.727273 1.999839
0.585859 0.727273 2.092376
0.595960 0.727273 2.204489
0.606061 0.727273 2.334512
0.616162 0.727273 2.465672
0.626263 0.727273 2.537511
0.636364 0.727273 2.417575
0.646465 0.727273 2.238161
0.656566 0.727273 2.059478
0.666667 0.727273 1.898272
0.676768 0.727273 1.756109
0.686869 0.727273 1.630500
0.696970 0.727273 1.518651
0.707071 0.727273 1.417949
0.717172 0.727273 1.326433
0.727273 0.727273 1.242469
0.737374 0.727273 1.164866
0.747475 0.727273 1.092638
0.757576 0.727273 1.025064
0.767677 0.727273 0.961499
0.777778 0.727273 0.901474
0.787879 0.727273 0.844529
0.797980 0.727273 0.790431
0.808081 0.727273 0.738744
0.818182 0.727273 0.689317
0.828283 0.727273 0.641852
0.838384 0.727273 0.596295
0.848485 0.727273 0.552308
0.858586 0.727273 0.509680
0.868687 0.727273 0.468293
0.878788 0.727273 0.428203
0.888889 0.727273 0.389128
0.898990 0.727273 0.350944
0.909091 0.727273 0.313585
0.919192 0.727273 0.277000
0.929293 0.727273 0.241038
0.939394 0.727273 0.205604
0.949495 0.727273 0.170637
0.959596 0.727273 0.136079
0.969697 0.727273 0.101779
0.979798 0.727273 0.067727
0.989899 0.727273 0.033828
1.000000 0.727273 0.000000
0.505050 0.737374 1.686170
0.515152 0.737374 1.703284
0.525253 0.737374 1.727837
0.535354 0.737374 1.760779
0.545455 0.737374 1.803335
0.555556 0.737374 1.857450
0.565657 0.737374 1.925922
0.575758 0.737374 2.012879
0.585859 0.737374 2.124794
0.595960 0.737374 2.271747
0.606061 0.737374 2.468563
0.616162 0.737374 2.726783
0.626263 0.737374 2.986026
0.636364 0.737374 2.679815
0.646465 0.737374 2.374415
0.656566 0.737374 2.130130
0.666667 0.737374 1.935185
0.676768 0.737374 1.774814
0.686869 0.737374 1.638830
0.696970 0.737374 1.520596
0.707071 0.737374 1.415936
0.717172 0.737374 1.321772
0.727273 0.737374 1.236126
0.737374 0.737374 1.157380
0.747475 0.737374 1.084461
0.757576 0.737374 1.016453
0.767677 0.737374 0.952655
0.777778 0.737374 0.892519
0.787879 0.737374 0.835625
0.797980 0.737374 0.781600
0.808081 0.737374 0.730178
0.818182 0.737374 0.680974
0.828283 0.737374 0.633912
0.838384 0.737374 0.588630
0.848485 0.737374 0.545009
0.858586 0.737374 0.502783
0.868687 0.737374 0.461863
0.878788 0.737374 0.422158
0.888889 0.737374 0.383544
0.898990 0.737374 0.345806
0.909091 0.737374 0.308980
0.919192 0.737374 0.272881
0.929293 0.737374 0.237419
0.939394 0.737374 0.202479
0.949495 0.737374 0.168049
0.959596 0.737374 0.134022
0.969697 0.737374 0.100221
0.979798 0.737374 0.066643
0.989899 0.737374 0.033302
1.000000 0.737374 0.000000
0.505050 0.747475 1.655409
0.515152 0.747475 1.674373
0.525253 0.747475 1.700800
0.535354 0.747475 1.735595
0.545455 0.747475 1.780304
0.555556 0.747475 1.836948
0.565657 0.747475 1.908848
0.575758 0.747475 2.001005
0.585859 0.747475 2.122173
0.595960 0.747475 2.289276
0.606061 0.747475 2.541213
0.616162 0.747475 2.986955
0.626263 0.747475 4.000000
0.636364 0.747475 2.941192
0.646465 0.747475 2.449553
0.656566 0.747475 2.151355
0.666667 0.747475 1.937526
0.676768 0.747475 1.769262
0.686869 0.747475 1.629412
0.696970 0.747475 1.509217
0.707071 0.747475 1.403426
0.717172 0.747475 1.308764
0.727273 0.747475 1.222885
0.737374 0.747475 1.144148
0.747475 0.747475 1.071374
0.757576 0.747475 1.003624
0.767677 0.747475 0.940148
0.777778 0.747475 0.880397
0.787879 0.747475 0.823854
0.797980 0.747475 0.770342
0.808081 0.747475 0.719395
0.818182 0.747475 0.670773
0.828283 0.747475 0.624191
0.838384 0.747475 0.579440
0.848485 0.747475 0.536313
0.858586 0.747475 0.494637
0.868687 0.747475 0.454218
0.878788 0.747475 0.415141
0.888889 0.747475 0.377084
0.898990 0.747475 0.339948
0.909091 0.747475 0.303650
0.919192 0.747475 0.268154
0.929293 0.747475 0.233276
0.939394 0.747475 0.198935
0.949495 0.747475 0.165057
0.959596 0.747475 0.131616
0.969697 0.747475 0.098441
0.979798 0.747475 0.065484
0.989899 0.747475 0.032738
1.000000 0.747475 0.000000
0.505050 0.757576 1.617892
0.515152 0.757576 1.638001
0.525253 0.757576 1.665223
0.535354 0.757576 1.700498
0.545455 0.757576 1.745166
0.555556 0.757576 1.801189
0.565657 0.757576 1.871482
0.575758 0.757576 1.960119
0.585859 0.757576 2.073572
0.595960 0.757576 2.221971
0.606061 0.757576 2.420218
0.616162 0.757576 2.679818
0.626263 0.757576 2.940349
0.636364 0.757576 2.635398
0.646465 0.757576 2.331258
0.656566 0.757576 2.088213
0.666667 0.757576 1.894466
0.676768 0.757576 1.735296
0.686869 0.757576 1.600507
0.696970 0.757576 1.483435
0.707071 0.757576 1.379958
0.717172 0.757576 1.286974
0.727273 0.757576 1.202519
0.737374 0.757576 1.124953
0.747475 0.757576 1.053290
0.757576 0.757576 0.986520
0.767677 0.757576 0.923964
0.777778 0.757576 0.865068
0.787879 0.757576 0.809353
0.797980 0.757576 0.756521
0.808081 0.757576 0.706419
0.818182 0.757576 0.658531
0.828283 0.757576 0.612705
0.838384 0.757576 0.568624
0.848485 0.757576 0.526197
0.858586 0.757576 0.485233
0.868687 0.757576 0.445566
0.878788 0.757576 0.407103
0.888889 0.757576 0.369724
0.898990 0.757576 0.333251
0.909091 0.757576 0.297673
0.919192 0.757576 0.262808
0.929293 0.757576 0.228604
0.939394 0.757576 0.194927
0.949495 0.757576 0.161739
0.959596 0.757576 0.128945
0.969697 0.757576 0.096425
0.979798 0.757576 0.064114
0.989899 0.757576 0.032036
1.000000 0.757576 0.000000
0.505050 0.767677 1.574004
0.515152 0.767677 1.594533
0.525253 0.767677 1.621594
0.535354 0.767677 1.655899
0.545455 0.767677 1.698671
0.555556 0.767677 1.751298
0.565657 0.767677 1.815771
0.575758 0.767677 1.894382
0.585859 0.767677 1.990024
0.595960 0.767677 2.105024
0.606061 0.767677 2.237870
0.616162 0.767677 2.371731
0.626263 0.767677 2.446182
0.636364 0.767677 2.328775
0.646465 0.767677 2.151869
0.656566 0.767677 1.975632
0.666667 0.767677 1.816828
0.676768 0.767677 1.677084
0.686869 0.767677 1.553884
0.696970 0.767677 1.444354
0.707071 0.767677 1.345995
0.717172 0.767677 1.256843
0.727273 0.767677 1.175266
0.737374 0.767677 1.100070
0.747475 0.767677 1.030315
0.757576 0.767677 0.965200
0.767677 0.767677 0.904121
0.777778 0.767677 0.846519
0.787879 0.767677 0.791968
0.797980 0.767677 0.740352
0.808081 0.767677 0.691228
0.818182 0.767677 0.644375
0.828283 0.767677 0.599472
0.838384 0.767677 0.556259
0.848485 0.767677 0.514616
0.858586 0.767677 0.474553
0.868687 0.767677 0.435708
0.878788 0.767677 0.398078
0.888889 0.767677 0.361459
0.898990 0.767677 0.325813
0.909091 0.767677 0.290986
0.919192 0.767677 0.256873
0.929293 0.767677 0.223404
0.939394 0.767677 0.190491
0.949495 0.767677 0.158027
0.959596 0.767677 0.125973
0.969697 0.767677 0.094202
0.979798 0.767677 0.062662
0.989899 0.767677 0.031290
1.000000 0.767677 0.000000
0.505050 0.777778 1.524281
0.515152 0.777778 1.544534
0.525253 0.777778 1.570523
0.535354 0.777778 1.602833
0.545455 0.777778 1.642225
0.555556 0.777778 1.689560
0.565657 0.777778 1.745794
0.575758 0.777778 1.811616
0.585859 0.777778 1.887055
0.595960 0.777778 1.970232
0.606061 0.777778 2.054546
0.616162 0.777778 2.123053
0.626263 0.777778 2.143786
0.636364 0.777778 2.081651
0.646465 0.777778 1.971657
0.656566 0.777778 1.845619
0.666667 0.777778 1.720264
0.676768 0.777778 1.602326
0.686869 0.777778 1.493667
0.696970 0.777778 1.394102
0.707071 0.777778 1.302979
0.717172 0.777778 1.219139
0.727273 0.777778 1.141685
0.737374 0.777778 1.069746
0.747475 0.777778 1.002700
0.757576 0.777778 0.939843
0.767677 0.777778 0.880759
0.777778 0.777778 0.824919
0.787879 0.777778 0.771982
0.797980 0.777778 0.721692
0.808081 0.777778 0.673922
0.818182 0.777778 0.628267
0.828283 0.777778 0.584463
0.838384 0.777778 0.542323
0.848485 0.777778 0.501771
0.858586 0.777778 0.462655
0.868687 0.777778 0.424788
0.878788 0.777778 0.388041
0.888889 0.777778 0.352351
0.898990 0.777778 0.317557
0.909091 0.777778 0.283594
0.919192 0.777778 0.250296
0.929293 0.777778 0.217697
0.939394 0.777778 0.185606
0.949495 0.777778 0.153973
0.959596 0.777778 0.122716
0.969697 0.777778 0.091767
0.979798 0.777778 0.061041
0.989899 0.777778 0.030478
1.000000 0.777778 0.000000
0.505050 0.787879 1.469368
0.515152 0.787879 1.488844
0.525253 0.787879 1.513130
0.535354 0.787879 1.542666
0.545455 0.787879 1.577835
0.555556 0.787879 1.618994
0.565657 0.787879 1.666231
0.575758 0.787879 1.719131
0.585859 0.787879 1.776349
0.595960 0.787879 1.834551
0.606061 0.787879 1.887027
0.616162 0.787879 1.922131
0.626263 0.787879 1.924258
0.636364 0.787879 1.882393
0.646465 0.787879 1.807487
0.656566 0.787879 1.714884
0.666667 0.787879 1.616283
0.676768 0.787879 1.518331
0.686869 0.787879 1.424356
0.696970 0.787879 1.335696
0.707071 0.787879 1.252679
0.717172 0.787879 1.175132
0.727273 0.787879 1.102591
0.737374 0.787879 1.034679
0.747475 0.787879 0.970894
0.757576 0.787879 0.910841
0.767677 0.787879 0.854154
0.777778 0.787879 0.800420
0.787879 0.787879 0.749348
0.797980 0.787879 0.700829
0.808081 0.787879 0.654499
0.818182 0.787879 0.610265
0.828283 0.787879 0.567788
0.838384 0.787879 0.526908
0.848485 0.787879 0.487489
0.858586 0.787879 0.449538
0.868687 0.787879 0.412748
0.878788 0.787879 0.377061
0.888889 0.787879 0.342348
0.898990 0.787879 0.308556
0.909091 0.787879 0.275538
0.919192 0.787879 0.243193
0.929293 0.787879 0.211481
0.939394 0.787879 0.180292
0.949495 0.787879 0.149544
0.959596 0.787879 0.119194
0.969697 0.787879 0.089110
0.979798 0.787879 0.059282
0.989899 0.787879 0.029579
1.000000 0.787879 0.000000
0.505050 0.797980 1.410127
0.515152 0.797980 1.428345
0.525253 0.797980 1.450542
0.535354 0.797980 1.476865
0.545455 0.797980 1.507529
0.555556 0.797980 1.542352
0.565657 0.797980 1.580938
0.575758 0.797980 1.622330
0.585859 0.797980 1.664668
0.595960 0.797980 1.704596
0.606061 0.797980 1.736910
0.616162 0.797980 1.754185
0.626263 0.797980 1.748676
0.636364 0.797980 1.716177
0.646465 0.797980 1.660771
0.656566 0.797980 1.590147
0.666667 0.797980 1.511579
0.676768 0.797980 1.430358
0.686869 0.797980 1.349753
0.696970 0.797980 1.271648
0.707071 0.797980 1.197012
0.717172 0.797980 1.126119
0.727273 0.797980 1.058990
0.737374 0.797980 0.995486
0.747475 0.797980 0.935404
0.757576 0.797980 0.878472
0.767677 0.797980 0.824544
0.777778 0.797980 0.773257
0.787879 0.797980 0.724395
0.797980 0.797980 0.677776
0.808081 0.797980 0.633208
0.818182 0.797980 0.590507
0.828283 0.797980 0.549511
0.838384 0.797980 0.510033
0.848485 0.797980 0.472010
0.858586 0.797980 0.435261
0.868687 0.797980 0.399661
0.878788 0.797980 0.365106
0.888889 0.797980 0.331535
0.898990 0.797980 0.298781
0.909091 0.797980 0.266801
0.919192 0.797980 0.235458
0.929293 0.797980 0.204763
0.939394 0.797980 0.174536
0.949495 0.797980 0.144787
0.959596 0.797980 0.115408
0.969697 0.797980 0.086290
0.979798 0.797980 0.057400
0.989899 0.797980 0.028661
1.000000 0.797980 0.000000
0.505050 0.808081 1.347213
0.515152 0.808081 1.364000
0.525253 0.808081 1.383825
0.535354 0.808081 1.406936
0.545455 0.808081 1.433064
0.555556 0.808081 1.461961
0.565657 0.808081 1.492840
0.575758 0.808081 1.524630
0.585859 0.808081 1.555396
0.595960 0.808081 1.582435
0.606061 0.808081 1.601832
0.616162 0.808081 1.609113
0.626263 0.808081 1.600083
0.636364 0.808081 1.572868
0.646465 0.808081 1.529273
0.656566 0.808081 1.473311
0.666667 0.808081 1.409528
0.676768 0.808081 1.341716
0.686869 0.808081 1.272652
0.696970 0.808081 1.204246
0.707071 0.808081 1.137600
0.717172 0.808081 1.073350
0.727273 0.808081 1.011762
0.737374 0.808081 0.952911
0.747475 0.808081 0.896765
0.757576 0.808081 0.843280
0.767677 0.808081 0.792292
0.777778 0.808081 0.743682
0.787879 0.808081 0.697199
0.797980 0.808081 0.652725
0.808081 0.808081 0.610052
0.818182 0.808081 0.569109
0.828283 0.808081 0.529717
0.838384 0.808081 0.491827
0.848485 0.808081 0.455257
0.858586 0.808081 0.419867
0.868687 0.808081 0.385528
0.878788 0.808081 0.352274
0.888889 0.808081 0.319903
0.898990 0.808081 0.288305
0.909091 0.808081 0.257426
0.919192 0.808081 0.227214
0.929293 0.808081 0.197577
0.939394 0.808081 0.168407
0.949495 0.808081 0.139661
0.959596 0.808081 0.111344
0.969697 0.808081 0.083240
0.979798 0.808081 0.055375
0.989899 0.808081 0.027665
1.000000 0.808081 0.000000
0.505050 0.818182 1.281445
0.515152 0.818182 1.296615
0.525253 0.818182 1.314165
0.535354 0.818182 1.333990
0.545455 0.818182 1.356018
0.555556 0.818182 1.379587
0.565657 0.818182 1.403948
0.575758 0.818182 1.427953
0.585859 0.818182 1.450049
0.595960 0.818182 1.467916
0.606061 0.818182 1.479017
0.616162 0.818182 1.480354
0.626263 0.818182 1.469688
0.636364 0.818182 1.445939
0.646465 0.818182 1.410048
0.656566 0.818182 1.364296
0.666667 0.818182 1.311492
0.676768 0.818182 1.254325
0.686869 0.818182 1.194968
0.696970 0.818182 1.135084
0.707071 0.818182 1.075836
0.717172 0.818182 1.017920
0.727273 0.818182 0.961796
0.737374 0.818182 0.907631
0.747475 0.818182 0.855558
0.757576 0.818182 0.805591
0.767677 0.818182 0.757780
0.777778 0.818182 0.711978
0.787879 0.818182 0.668040
0.797980 0.818182 0.625874
0.808081 0.818182 0.585257
0.818182 0.818182 0.546161
0.828283 0.818182 0.508580
0.838384 0.818182 0.472300
0.848485 0.818182 0.437323
0.858586 0.818182 0.403421
0.868687 0.818182 0.370505
0.878788 0.818182 0.338559
0.888889 0.818182 0.307473
0.898990 0.818182 0.277111
0.909091 0.818182 0.247453
0.919192 0.818182 0.218395
0.929293 0.818182 0.189910
0.939394 0.818182 0.161853
0.949495 0.818182 0.134276
0.959596 0.818182 0.107065
0.969697 0.818182 0.080029
0.979798 0.818182 0.053193
0.989899 0.818182 0.026587
1.000000 0.818182 0.000000
0.505050 0.828283 1.213410
0.515152 0.828283 1.226977
0.525253 0.828283 1.242229
0.535354 0.828283 1.259185
0.545455 0.828283 1.277431
0.555556 0.828283 1.296421
0.565657 0.828283 1.315410
0.575758 0.828283 1.333353
0.585859 0.828283 1.348929
0.595960 0.828283 1.360416
0.606061 0.828283 1.365966
0.616162 0.828283 1.363785
0.626263 0.828283 1.352377
0.636364 0.828283 1.331179
0.646465 0.828283 1.300683
0.656566 0.828283 1.262322
0.666667 0.828283 1.217821
0.676768 0.828283 1.169109
0.686869 0.828283 1.117810
0.696970 0.828283 1.065366
0.707071 0.828283 1.012742
0.717172 0.828283 0.960774
0.727273 0.828283 0.909870
0.737374 0.828283 0.860269
0.747475 0.828283 0.812246
0.757576 0.828283 0.765899
0.767677 0.828283 0.721259
0.777778 0.828283 0.678395
0.787879 0.828283 0.637110
0.797980 0.828283 0.597312
0.808081 0.828283 0.558943
0.818182 0.828283 0.521892
0.828283 0.828283 0.486142
0.838384 0.828283 0.451655
0.848485 0.828283 0.418315
0.858586 0.828283 0.385956
0.868687 0.828283 0.354510
0.878788 0.828283 0.324033
0.888889 0.828283 0.294320
0.898990 0.828283 0.265286
0.909091 0.828283 0.236879
0.919192 0.828283 0.209092
0.929293 0.828283 0.181815
0.939394 0.828283 0.154980
0.949495 0.828283 0.128526
0.959596 0.828283 0.102473
0.969697 0.828283 0.076619
0.979798 0.828283 0.050961
0.989899 0.828283 0.025489
1.000000 0.828283 0.000000
0.505050 0.838384 1.143619
0.515152 0.838384 1.155652
0.525253 0.838384 1.168869
0.535354 0.838384 1.183091
0.545455 0.838384 1.198112
0.555556 0.838384 1.213258
0.565657 0.838384 1.227892
0.575758 0.838384 1.241119
0.585859 0.838384 1.251874
0.595960 0.838384 1.258852
0.606061 0.838384 1.260794
0.616162 0.838384 1.256444
0.626263 0.838384 1.244868
0.636364 0.838384 1.225716
0.646465 0.838384 1.199290
0.656566 0.838384 1.166489
0.666667 0.838384 1.128426
0.676768 0.838384 1.086480
0.686869 0.838384 1.041931
0.696970 0.838384 0.995828
0.707071 0.838384 0.949180
0.717172 0.838384 0.902566
0.727273 0.838384 0.856544
0.737374 0.838384 0.811331
0.747475 0.838384 0.767302
0.757576 0.838384 0.724500
0.767677 0.838384 0.683168
0.777778 0.838384 0.643234
0.787879 0.838384 0.604620
0.797980 0.838384 0.567320
0.808081 0.838384 0.531216
0.818182 0.838384 0.496321
0.828283 0.838384 0.462561
0.838384 0.838384 0.429864
0.848485 0.838384 0.398254
0.858586 0.838384 0.367578
0.868687 0.838384 0.337754
0.878788 0.838384 0.308741
0.888889 0.838384 0.280457
0.898990 0.838384 0.252835
0.909091 0.838384 0.225791
0.919192 0.838384 0.199280
0.929293 0.838384 0.173303
0.939394 0.838384 0.147726
0.949495 0.838384 0.122548
0.959596 0.838384 0.097681
0.969697 0.838384 0.073034
0.979798 0.838384 0.048541
0.989899 0.838384 0.024261
1.000000 0.838384 0.000000
0.505050 0.848485 1.072657
0.515152 0.848485 1.083230
0.525253 0.848485 1.094505
0.535354 0.848485 1.106471
0.545455 0.848485 1.118667
0.555556 0.848485 1.130641
0.565657 0.848485 1.141783
0.575758 0.848485 1.151394
0.585859 0.848485 1.158598
0.595960 0.848485 1.162398
0.606061 0.848485 1.161916
0.616162 0.848485 1.156298
0.626263 0.848485 1.144937
0.636364 0.848485 1.127482
0.646465 0.848485 1.104273
0.656566 0.848485 1.075808
0.666667 0.848485 1.042912
0.676768 0.848485 1.006521
0.686869 0.848485 0.967604
0.696970 0.848485 0.927055
0.707071 0.848485 0.885582
0.717172 0.848485 0.843938
0.727273 0.848485 0.802410
0.737374 0.848485 0.761391
0.747475 0.848485 0.721130
0.757576 0.848485 0.681866
0.767677 0.848485 0.643680
0.777778 0.848485 0.606697
0.787879 0.848485 0.570819
0.797980 0.848485 0.535988
0.808081 0.848485 0.502281
0.818182 0.848485 0.469588
0.828283 0.848485 0.437919
0.838384 0.848485 0.407129
0.848485 0.848485 0.377259
0.858586 0.848485 0.348332
0.868687 0.848485 0.320186
0.878788 0.848485 0.292730
0.888889 0.848485 0.265931
0.898990 0.848485 0.239789
0.909091 0.848485 0.214169
0.919192 0.848485 0.189061
0.929293 0.848485 0.164391
0.939394 0.848485 0.140161
0.949495 0.848485 0.116259
0.959596 0.848485 0.092660
0.969697 0.848485 0.069293
0.979798 0.848485 0.046082
0.989899 0.848485 0.023013
1.000000 0.848485 0.000000
0.505050 0.858586 1.000866
0.515152 0.858586 1.010107
0.525253 0.858586 1.019768
0.535354 0.858586 1.029620
0.545455 0.858586 1.039513
0.555556 0.858586 1.048857
0.565657 0.858586 1.057273
0.575758 0.858586 1.064076
0.585859 0.858586 1.068659
0.595960 0.858586 1.070225
0.606061 0.858586 1.068190
0.616162 0.858586 1.061897
0.626263 0.858586 1.050882
0.636364 0.858586 1.035004
0.646465 0.858586 1.014440
0.656566 0.858586 0.989559
0.666667 0.858586 0.960855
0.676768 0.858586 0.929087
0.686869 0.858586 0.894990
0.696970 0.858586 0.859204
0.707071 0.858586 0.822453
0.717172 0.858586 0.785194
0.727273 0.858586 0.747855
0.737374 0.858586 0.710694
0.747475 0.858586 0.674121
0.757576 0.858586 0.638152
0.767677 0.858586 0.603183
0.777778 0.858586 0.569057
0.787879 0.858586 0.535850
0.797980 0.858586 0.503531
0.808081 0.858586 0.472213
0.818182 0.858586 0.441830
0.828283 0.858586 0.412227
0.838384 0.858586 0.383476
0.848485 0.858586 0.355466
0.858586 0.858586 0.328304
0.868687 0.858586 0.301866
0.878788 0.858586 0.276063
0.888889 0.858586 0.250854
0.898990 0.858586 0.226220
0.909091 0.858586 0.202087
0.919192 0.858586 0.178404
0.929293 0.858586 0.155145
0.939394 0.858586 0.132266
0.949495 0.858586 0.109721
0.959596 0.858586 0.087406
0.969697 0.858586 0.065379
0.979798 0.858586 0.043481
0.989899 0.858586 0.021710
1.000000 0.858586 0.000000
0.505050 0.868687 0.928651
0.515152 0.868687 0.936688
0.525253 0.868687 0.944841
0.535354 0.868687 0.953034
0.545455 0.868687 0.960909
0.555556 0.868687 0.968196
0.565657 0.868687 0.974375
0.575758 0.868687 0.979114
0.585859 0.868687 0.981735
0.595960 0.868687 0.981801
0.606061 0.868687 0.978721
0.616162 0.868687 0.972143
0.626263 0.868687 0.961689
0.636364 0.868687 0.947215
0.646465 0.868687 0.928923
0.656566 0.868687 0.906976
0.666667 0.868687 0.881862
0.676768 0.868687 0.854004
0.686869 0.868687 0.824063
0.696970 0.868687 0.792472
0.707071 0.868687 0.759829
0.717172 0.868687 0.726626
0.727273 0.868687 0.693122
0.737374 0.868687 0.659681
0.747475 0.868687 0.626509
0.757576 0.868687 0.593869
0.767677 0.868687 0.561841
0.777778 0.868687 0.530565
0.787879 0.868687 0.499992
0.797980 0.868687 0.470191
0.808081 0.868687 0.441210
0.818182 0.868687 0.413065
0.828283 0.868687 0.385685
0.838384 0.868687 0.358910
0.848485 0.868687 0.332827
0.858586 0.868687 0.307545
0.868687 0.868687 0.282910
0.878788 0.868687 0.258774
0.888889 0.868687 0.235203
0.898990 0.868687 0.212153
0.909091 0.868687 0.189557
0.919192 0.868687 0.167357
0.929293 0.868687 0.145519
0.939394 0.868687 0.124096
0.949495 0.868687 0.102954
0.959596 0.868687 0.082033
0.969697 0.868687 0.061337
0.979798 0.868687 0.040793
0.989899 0.868687 0.020348
1.000000 0.868687 0.000000
0.505050 0.878788 0.856198
0.515152 0.878788 0.863155
0.525253 0.878788 0.870069
0.535354 0.878788 0.876768
0.545455 0.878788 0.883076
0.555556 0.878788 0.888645
0.565657 0.878788 0.893177
0.575758 0.878788 0.896270
0.585859 0.878788 0.897541
0.595960 0.878788 0.896523
0.606061 0.878788 0.892886
0.616162 0.878788 0.886265
0.626263 0.878788 0.876409
0.636364 0.878788 0.863242
0.646465 0.878788 0.846925
0.656566 0.878788 0.827559
0.666667 0.878788 0.805460
0.676768 0.878788 0.781005
0.686869 0.878788 0.754659
0.696970 0.878788 0.726791
0.707071 0.878788 0.697912
0.717172 0.878788 0.668358
0.727273 0.878788 0.638429
0.737374 0.878788 0.608397
0.747475 0.878788 0.578555
0.757576 0.878788 0.548975
0.767677 0.878788 0.519923
0.777778 0.878788 0.491369
0.787879 0.878788 0.463405
0.797980 0.878788 0.436029
0.808081 0.878788 0.409449
0.818182 0.878788 0.383535
0.828283 0.878788 0.358276
0.838384 0.878788 0.333653
0.848485 0.878788 0.309560
0.858586 0.878788 0.286140
0.868687 0.878788 0.263261
0.878788 0.878788 0.240922
0.888889 0.878788 0.219041
0.898990 0.878788 0.197632
0.909091 0.878788 0.176603
0.919192 0.878788 0.155948
0.929293 0.878788 0.135644
0.939394 0.878788 0.115644
0.949495 0.878788 0.095932
0.959596 0.878788 0.076435
0.969697 0.878788 0.057163
0.979798 0.878788 0.038008
0.989899 0.878788 0.018984
1.000000 0.878788 0.000000
0.505050 0.888889 0.783715
0.515152 0.888889 0.789703
0.525253 0.888889 0.795512
0.535354 0.888889 0.801003
0.545455 0.888889 0.805984
0.555556 0.888889 0.810216
0.565657 0.888889 0.813418
0.575758 0.888889 0.815349
0.585859 0.888889 0.815638
0.595960 0.888889 0.813958
0.606061 0.888889 0.810033
0.616162 0.888889 0.803568
0.626263 0.888889 0.794439
0.636364 0.888889 0.782525
0.646465 0.888889 0.767976
0.656566 0.888889 0.750844
0.666667 0.888889 0.731412
0.676768 0.888889 0.709939
0.686869 0.888889 0.686775
0.696970 0.888889 0.662229
0.707071 0.888889 0.636669
0.717172 0.888889 0.610475
0.727273 0.888889 0.583838
0.737374 0.888889 0.557073
0.747475 0.888889 0.530337
0.757576 0.888889 0.503756
0.767677 0.888889 0.477508
0.777778 0.888889 0.451644
0.787879 0.888889 0.426229
0.797980 0.888889 0.401351
0.808081 0.888889 0.377023
0.818182 0.888889 0.353358
0.828283 0.888889 0.330233
0.838384 0.888889 0.307665
0.848485 0.888889 0.285620
0.858586 0.888889 0.264106
0.868687 0.888889 0.243072
0.878788 0.888889 0.222504
0.888889 0.888889 0.202406
0.898990 0.888889 0.182659
0.909091 0.888889 0.163276
0.919192 0.888889 0.144196
0.929293 0.888889 0.125466
0.939394 0.888889 0.106965
0.949495 0.888889 0.088696
0.959596 0.888889 0.070711
0.969697 0.888889 0.052872
0.979798 0.888889 0.035173
0.989899 0.888889 0.017580
1.000000 0.888889 0.000000
0.505050 0.898990 0.711309
0.515152 0.898990 0.716431
0.525253 0.898990 0.721292
0.535354 0.898990 0.725750
0.545455 0.898990 0.729670
0.555556 0.898990 0.732817
0.565657 0.898990 0.735058
0.575758 0.898990 0.736072
0.585859 0.898990 0.735719
0.595960 0.898990 0.733639
0.606061 0.898990 0.729656
0.616162 0.898990 0.723535
0.626263 0.898990 0.715132
0.636364 0.898990 0.704441
0.646465 0.898990 0.691501
0.656566 0.898990 0.676430
0.666667 0.898990 0.659363
0.676768 0.898990 0.640563
0.686869 0.898990 0.620238
0.696970 0.898990 0.598680
0.707071 0.898990 0.576201
0.717172 0.898990 0.553036
0.727273 0.898990 0.529504
0.737374 0.898990 0.505719
0.747475 0.898990 0.481943
0.757576 0.898990 0.458202
0.767677 0.898990 0.434695
0.777778 0.898990 0.411469
0.787879 0.898990 0.388577
0.797980 0.898990 0.366122
0.808081 0.898990 0.344127
0.818182 0.898990 0.322639
0.828283 0.898990 0.301660
0.838384 0.898990 0.281153
0.848485 0.898990 0.261156
0.858586 0.898990 0.241590
0.868687 0.898990 0.222403
0.878788 0.898990 0.203616
0.888889 0.898990 0.185270
0.898990 0.898990 0.167322
0.909091 0.898990 0.149545
0.919192 0.898990 0.132094
0.929293 0.898990 0.114967
0.939394 0.898990 0.098052
0.949495 0.898990 0.081335
0.959596 0.898990 0.064841
0.969697 0.898990 0.048484
0.979798 0.898990 0.032231
0.989899 0.898990 0.016112
1.000000 0.898990 0.000000
0.505050 0.909091 0.639081
0.515152 0.909091 0.643454
0.525253 0.909091 0.647476
0.535354 0.909091 0.651100
0.545455 0.909091 0.654128
0.555556 0.909091 0.656500
0.565657 0.909091 0.657923
0.575758 0.909091 0.658369
0.585859 0.909091 0.657527
0.595960 0.909091 0.655304
0.606061 0.909091 0.651417
0.616162 0.909091 0.645705
0.626263 0.909091 0.638115
0.636364 0.909091 0.628569
0.646465 0.909091 0.617158
0.656566 0.909091 0.603927
0.666667 0.909091 0.589047
0.676768 0.909091 0.572644
0.686869 0.909091 0.554934
0.696970 0.909091 0.536116
0.707071 0.909091 0.516419
0.717172 0.909091 0.496144
0.727273 0.909091 0.475422
0.737374 0.909091 0.454533
0.747475 0.909091 0.433514
0.757576 0.909091 0.412499
0.767677 0.909091 0.391599
0.777778 0.909091 0.370900
0.787879 0.909091 0.350489
0.797980 0.909091 0.330425
0.808081 0.909091 0.310725
0.818182 0.909091 0.291471
0.828283 0.909091 0.272614
0.838384 0.909091 0.254226
0.848485 0.909091 0.236260
0.858586 0.909091 0.218612
0.868687 0.909091 0.201334
0.878788 0.909091 0.184365
0.888889 0.909091 0.167737
0.898990 0.909091 0.151489
0.909091 0.909091 0.135490
0.919192 0.909091 0.119723
0.929293 0.909091 0.104254
0.939394 0.909091 0.088901
0.949495 0.909091 0.073752
0.959596 0.909091 0.058808
0.969697 0.909091 0.043990
0.979798 0.909091 0.029278
0.989899 0.909091 0.014638
1.000000 0.909091 0.000000
0.505050 0.919192 0.567162
0.515152 0.919192 0.570827
0.525253 0.919192 0.574141
0.535354 0.919192 0.577048
0.545455 0.919192 0.579425
0.555556 0.919192 0.581133
0.565657 0.919192 0.582022
0.575758 0.919192 0.581956
0.585859 0.919192 0.580923
0.595960 0.919192 0.578632
0.606061 0.919192 0.574970
0.616162 0.919192 0.569754
0.626263 0.919192 0.562974
0.636364 0.919192 0.554562
0.646465 0.919192 0.544574
0.656566 0.919192 0.533072
0.666667 0.919192 0.520195
0.676768 0.919192 0.506033
0.686869 0.919192 0.490697
0.696970 0.919192 0.474433
0.707071 0.919192 0.457336
0.717172 0.919192 0.439697
0.727273 0.919192 0.421705
0.737374 0.919192 0.403477
0.747475 0.919192 0.385105
0.757576 0.919192 0.366681
0.767677 0.919192 0.348303
0.777778 0.919192 0.330041
0.787879 0.919192 0.312087
0.797980 0.919192 0.294364
0.808081 0.919192 0.276969
0.818182 0.919192 0.259908
0.828283 0.919192 0.243200
0.838384 0.919192 0.226876
0.848485 0.919192 0.210906
0.858586 0.919192 0.195265
0.868687 0.919192 0.179886
0.878788 0.919192 0.164774
0.888889 0.919192 0.149954
0.898990 0.919192 0.135407
0.909091 0.919192 0.121106
0.919192 0.919192 0.107055
0.929293 0.919192 0.093198
0.939394 0.919192 0.079547
0.949495 0.919192 0.066018
0.959596 0.919192 0.052648
0.969697 0.919192 0.039405
0.979798 0.919192 0.026254
0.989899 0.919192 0.013112
1.000000 0.919192 0.000000
0.505050 0.929293 0.495451
0.515152 0.929293 0.498505
0.525253 0.929293 0.501213
0.535354 0.929293 0.503557
0.545455 0.929293 0.505391
0.555556 0.929293 0.506611
0.565657 0.929293 0.507074
0.575758 0.929293 0.506787
0.585859 0.929293 0.505577
0.595960 0.929293 0.503437
0.606061 0.929293 0.500077
0.616162 0.929293 0.495432
0.626263 0.929293 0.489465
0.636364 0.929293 0.482153
0.646465 0.929293 0.473504
0.656566 0.929293 0.463654
0.666667 0.929293 0.452630
0.676768 0.929293 0.440494
0.686869 0.929293 0.427389
0.696970 0.929293 0.413442
0.707071 0.929293 0.398795
0.717172 0.929293 0.383687
0.727273 0.929293 0.368224
0.737374 0.929293 0.352572
0.747475 0.929293 0.336746
0.757576 0.929293 0.320826
0.767677 0.929293 0.304889
0.777778 0.929293 0.289077
0.787879 0.929293 0.273452
0.797980 0.929293 0.258052
0.808081 0.929293 0.242880
0.818182 0.929293 0.227998
0.828283 0.929293 0.213402
0.838384 0.929293 0.199172
0.848485 0.929293 0.185224
0.858586 0.929293 0.171538
0.868687 0.929293 0.158171
0.878788 0.929293 0.144910
0.888889 0.929293 0.131897
0.898990 0.929293 0.119077
0.909091 0.929293 0.106474
0.919192 0.929293 0.094139
0.929293 0.929293 0.081934
0.939394 0.929293 0.069951
0.949495 0.929293 0.058125
0.959596 0.929293 0.046349
0.969697 0.929293 0.034729
0.979798 0.929293 0.023120
0.989899 0.929293 0.011554
1.000000 0.929293 0.000000
0.505050 0.939394 0.424053
0.515152 0.939394 0.426528
0.525253 0.939394 0.428742
0.535354 0.939394 0.430575
0.545455 0.939394 0.431989
0.555556 0.939394 0.432846
0.565657 0.939394 0.433042
0.575758 0.939394 0.432541
0.585859 0.939394 0.431420
0.595960 0.939394 0.429462
0.606061 0.939394 0.426450
0.616162 0.939394 0.422430
0.626263 0.939394 0.417283
0.636364 0.939394 0.411082
0.646465 0.939394 0.403729
0.656566 0.939394 0.395411
0.666667 0.939394 0.386121
0.676768 0.939394 0.375924
0.686869 0.939394 0.364889
0.696970 0.939394 0.353151
0.707071 0.939394 0.340817
0.717172 0.939394 0.328032
0.727273 0.939394 0.315051
0.737374 0.939394 0.301841
0.747475 0.939394 0.288439
0.757576 0.939394 0.274988
0.767677 0.939394 0.261406
0.777778 0.939394 0.247927
0.787879 0.939394 0.234654
0.797980 0.939394 0.221511
0.808081 0.939394 0.208575
0.818182 0.939394 0.195804
0.828283 0.939394 0.183379
0.838384 0.939394 0.171186
0.848485 0.939394 0.159232
0.858586 0.939394 0.147492
0.868687 0.939394 0.136031
0.878788 0.939394 0.124799
0.888889 0.939394 0.113573
0.898990 0.939394 0.102530
0.909091 0.939394 0.091716
0.919192 0.939394 0.081094
0.929293 0.939394 0.070563
0.939394 0.939394 0.060197
0.949495 0.939394 0.050001
0.959596 0.939394 0.039895
0.969697 0.939394 0.029884
0.979798 0.939394 0.019945
0.989899 0.939394 0.009955
1.000000 0.939394 0.000000
0.505050 0.949495 0.352934
0.515152 0.949495 0.354920
0.525253 0.949495 0.356652
0.535354 0.949495 0.358086
0.545455 0.949495 0.359144
0.555556 0.949495 0.359710
0.565657 0.949495 0.359705
0.575758 0.949495 0.359216
0.585859 0.949495 0.358099
0.595960 0.949495 0.356397
0.606061 0.949495 0.353830
0.616162 0.949495 0.350441
0.626263 0.949495 0.346154
0.636364 0.949495 0.340994
0.646465 0.949495 0.334921
0.656566 0.949495 0.328117
0.666667 0.949495 0.320522
0.676768 0.949495 0.312129
0.686869 0.949495 0.303092
0.696970 0.949495 0.293434
0.707071 0.949495 0.283291
0.717172 0.949495 0.272816
0.727273 0.949495 0.262106
0.737374 0.949495 0.251226
0.747475 0.949495 0.240181
0.757576 0.949495 0.229048
0.767677 0.949495 0.217820
0.777778 0.949495 0.206716
0.787879 0.949495 0.195725
0.797980 0.949495 0.184837
0.808081 0.949495 0.174106
0.818182 0.949495 0.163500
0.828283 0.949495 0.153124
0.838384 0.949495 0.142987
0.848485 0.949495 0.133025
0.858586 0.949495 0.123238
0.868687 0.949495 0.113663
0.878788 0.949495 0.104288
0.888889 0.949495 0.095065
0.898990 0.949495 0.085829
0.909091 0.949495 0.076767
0.919192 0.949495 0.067854
0.929293 0.949495 0.059027
0.939394 0.949495 0.050362
0.949495 0.949495 0.041787
0.959596 0.949495 0.033330
0.969697 0.949495 0.024970
0.979798 0.949495 0.016616
0.989899 0.949495 0.008322
1.000000 0.949495 0.000000
0.505050 0.959596 0.282031
0.515152 0.959596 0.283565
0.525253 0.959596 0.284899
0.535354 0.959596 0.285972
0.545455 0.959596 0.286757
0.555556 0.959596 0.287147
0.565657 0.959596 0.287064
0.575758 0.959596 0.286519
0.585859 0.959596 0.285634
0.595960 0.959596 0.284196
0.606061 0.959596 0.282100
0.616162 0.959596 0.279352
0.626263 0.959596 0.275923
0.636364 0.959596 0.271820
0.646465 0.959596 0.267013
0.656566 0.959596 0.261614
0.666667 0.959596 0.255581
0.676768 0.959596 0.248978
0.686869 0.959596 0.241804
0.696970 0.959596 0.234201
0.707071 0.959596 0.226156
0.717172 0.959596 0.217834
0.727273 0.959596 0.209394
0.737374 0.959596 0.200775
0.747475 0.959596 0.192031
0.757576 0.959596 0.183204
0.767677 0.959596 0.174282
0.777778 0.959596 0.165393
0.787879 0.959596 0.156675
0.797980 0.959596 0.148008
0.808081 0.959596 0.139434
0.818182 0.959596 0.130967
0.828283 0.959596 0.122707
0.838384 0.959596 0.114614
0.848485 0.959596 0.106631
0.858586 0.959596 0.098773
0.868687 0.959596 0.091144
0.878788 0.959596 0.083625
0.888889 0.959596 0.076229
0.898990 0.959596 0.068955
0.909091 0.959596 0.061671
0.919192 0.959596 0.054528
0.929293 0.959596 0.047404
0.939394 0.959596 0.040437
0.949495 0.959596 0.033541
0.959596 0.959596 0.026669
0.969697 0.959596 0.019941
0.979798 0.959596 0.013227
0.989899 0.959596 0.006594
1.000000 0.959596 0.000000
0.505050 0.969697 0.211326
0.515152 0.969697 0.212453
0.525253 0.969697 0.213409
0.535354 0.969697 0.214202
0.545455 0.969697 0.214766
0.555556 0.969697 0.214997
0.565657 0.969697 0.214887
0.575758 0.969697 0.214473
0.585859 0.969697 0.213719
0.595960 0.969697 0.212613
0.606061 0.969697 0.211022
0.616162 0.969697 0.208940
0.626263 0.969697 0.206366
0.636364 0.969697 0.203290
0.646465 0.969697 0.199697
0.656566 0.969697 0.195686
0.666667 0.969697 0.191212
0.676768 0.969697 0.186276
0.686869 0.969697 0.180944
0.696970 0.969697 0.175284
0.707071 0.969697 0.169299
0.717172 0.969697 0.163159
0.727273 0.969697 0.156862
0.737374 0.969697 0.150465
0.747475 0.969697 0.143963
0.757576 0.969697 0.137369
0.767677 0.969697 0.130712
0.777778 0.969697 0.124103
0.787879 0.969697 0.117575
0.797980 0.969697 0.111077
0.808081 0.969697 0.104657
0.818182 0.969697 0.098331
0.828283 0.969697 0.092121
0.838384 0.969697 0.086076
0.848485 0.969697 0.080114
0.858586 0.969697 0.074234
0.868687 0.969697 0.068515
0.878788 0.969697 0.062839
0.888889 0.969697 0.057270
0.898990 0.969697 0.051813
0.909091 0.969697 0.046433
0.919192 0.969697 0.041024
0.929293 0.969697 0.035625
0.939394 0.969697 0.030410
0.949495 0.969697 0.025271
0.959596 0.969697 0.020030
0.969697 0.969697 0.014899
0.979798 0.969697 0.009885
0.989899 0.969697 0.004829
1.000000 0.969697 0.000000
0.505050 0.979798 0.140786
0.515152 0.979798 0.141511
0.525253 0.979798 0.142154
0.535354 0.979798 0.142660
0.545455 0.979798 0.143019
0.555556 0.979798 0.143189
0.565657 0.979798 0.143076
0.575758 0.979798 0.142765
0.585859 0.979798 0.142255
0.595960 0.979798 0.141514
0.606061 0.979798 0.140409
0.616162 0.979798 0.139020
0.626263 0.979798 0.137302
0.636364 0.979798 0.135278
0.646465 0.979798 0.132888
0.656566 0.979798 0.130222
0.666667 0.979798 0.127244
0.676768 0.979798 0.123969
0.686869 0.979798 0.120447
0.696970 0.979798 0.116690
0.707071 0.979798 0.112741
0.717172 0.979798 0.108641
0.727273 0.979798 0.104494
0.737374 0.979798 0.100261
0.747475 0.979798 0.095939
0.757576 0.979798 0.091595
0.767677 0.979798 0.087148
0.777778 0.979798 0.082731
0.787879 0.979798 0.078399
0.797980 0.979798 0.074067
0.808081 0.979798 0.069813
0.818182 0.979798 0.065580
0.828283 0.979798 0.061480
0.838384 0.979798 0.057457
0.848485 0.979798 0.053458
0.858586 0.979798 0.049534
0.868687 0.979798 0.045713
0.878788 0.979798 0.041947
0.888889 0.979798 0.038241
0.898990 0.979798 0.034596
0.909091 0.979798 0.031023
0.919192 0.979798 0.027508
0.929293 0.979798 0.023853
0.939394 0.979798 0.020306
0.949495 0.979798 0.016799
0.959596 0.979798 0.013281
0.969697 0.979798 0.009933
0.979798 0.979798 0.006584
0.989899 0.979798 0.003276
1.000000 0.979798 0.000000
0.505050 0.989899 0.070378
0.515152 0.989899 0.070731
0.525253 0.989899 0.071035
0.535354 0.989899 0.071289
0.545455 0.989899 0.071462
0.555556 0.989899 0.071528
0.565657 0.989899 0.071462
0.575758 0.989899 0.071312
0.585859 0.989899 0.071021
0.595960 0.989899 0.070654
0.606061 0.989899 0.070080
0.616162 0.989899 0.069411
0.626263 0.989899 0.068543
0.636364 0.989899 0.067543
0.646465 0.989899 0.066353
0.656566 0.989899 0.065036
0.666667 0.989899 0.063570
0.676768 0.989899 0.061931
0.686869 0.989899 0.060183
0.696970 0.989899 0.058302
0.707071 0.989899 0.056335
0.717172 0.989899 0.054296
0.727273 0.989899 0.052211
0.737374 0.989899 0.050102
0.747475 0.989899 0.047936
0.757576 0.989899 0.045771
0.767677 0.989899 0.043553
0.777778 0.989899 0.041377
0.787879 0.989899 0.039224
0.797980 0.989899 0.037059
0.808081 0.989899 0.034947
0.818182 0.989899 0.032822
0.828283 0.989899 0.030761
0.838384 0.989899 0.028736
0.848485 0.989899 0.026726
0.858586 0.989899 0.024779
0.868687 0.989899 0.022857
0.878788 0.989899 0.020989
0.888889 0.989899 0.019151
0.898990 0.989899 0.017325
0.909091 0.989899 0.015554
0.919192 0.989899 0.013759
0.929293 0.989899 0.011974
0.939394 0.989899 0.010154
0.949495 0.989899 0.008336
0.959596 0.989899 0.006646
0.969697 0.989899 0.004967
0.979798 0.989899 0.003310
0.989899 0.989899 0.001691
1.000000 0.989899 0.000000
0.505050 1.000000 0.000000
0.515152 1.000000 0.000000
0.525253 1.000000 0.000000
0.535354 1.000000 0.000000
0.545455 1.000000 0.000000
0.555556 1.000000 0.000000
0.565657 1.000000 0.000000
0.575758 1.000000 0.000000
0.585859 1.000000 0.000000
0.595960 1.000000 0.000000
0.606061 1.000000 0.000000
0.616162 1.000000 0.000000
0.626263 1.000000 0.000000
0.636364 1.000000 0.000000
0.646465 1.000000 0.000000
0.656566 1.000000 0.000000
0.666667 1.000000 0.000000
0.676768 1.000000 0.000000
0.686869 1.000000 0.000000
0.696970 1.000000 0.000000
0.707071 1.000000 0.000000
0.717172 1.000000 0.000000
0.727273 1.000000 0.000000
0.737374 1.000000 0.000000
0.747475 1.000000 0.000000
0.757576 1.000000 0.000000
0.767677 1.000000 0.000000
0.777778 1.000000 0.000000
0.787879 1.000000 0.000000
0.797980 1.000000 0.000000
0.808081 1.000000 0.000000
0.818182 1.000000 0.000000
0.828283 1.000000 0.000000
0.838384 1.000000 0.000000
0.848485 1.000000 0.000000
0.858586 1.000000 0.000000
0.868687 1.000000 0.000000
0.878788 1.000000 0.000000
0.888889 1.000000 0.000000
0.898990 1.000000 0.000000
0.909091 1.000000 0.000000
0.919192 1.000000 0.000000
0.929293 1.000000 0.000000
0.939394 1.000000 0.000000
0.949495 1.000000 0.000000
0.959596 1.000000 0.000000
0.969697 1.000000 0.000000
0.979798 1.000000 0.000000
0.989899 1.000000 0.000000
1.000000 1.000000 0.000000
